id,SalePrice
2658,124095.02531157182
2718,151914.73247848055
2414,219658.00954964262
1989,107699.84263703664
625,176860.59831037285
333,92272.77841203204
1327,114673.82438031676
858,155725.32789623
95,178389.03004138608
1568,172437.18181470278
2482,157465.90981095552
1364,126425.60699833036
2584,145988.50078756135
818,282147.4411549074
2673,161256.74186993486
2089,122997.6652816621
1297,148201.73611288975
790,115439.62898347391
2616,197153.51818110756
720,166432.44413289294
222,155875.64515879907
557,122777.68303323734
1148,192312.27799901282
2766,169323.68614818543
534,176715.69092479744
1452,124428.38024094004
630,118936.04685940113
2648,108514.79068768994
125,160356.15287346416
1904,66604.09890403014
1670,108726.19604158711
756,104037.82947944757
717,182334.63948864854
1032,151602.34627857586
852,217656.23366164137
1731,177652.70503148905
2639,111465.97212838728
2071,103065.4402415388
1267,122602.33041107922
1851,185396.74287047656
567,156386.58862508717
2439,207095.02081507284
1898,156293.7731448639
647,164241.5681690925
2256,201438.1458631477
979,98733.92901011431
1444,217796.75639689778
2485,122896.48580316927
157,140393.80398247766
88,121925.09613459205
2003,110259.63520902657
186,183442.43469019033
1425,233593.7836187301
2695,128777.55799665165
738,106281.9155889423
395,165309.7506822516
1353,171282.28174198885
1878,136273.48580670328
390,160697.21678537785
1456,230601.98009750608
1103,301806.76340106747
1387,125928.27361792063
2070,145461.9277450749
1199,178487.3471669577
2479,171552.94329149244
501,295625.86529919883
2362,98044.6445453936
1718,196563.19009318593
2188,81855.13208875082
1483,149740.57638753307
2557,88853.93124745491
437,363655.7025654609
2224,189813.68274618319
1628,173472.8628699766
397,142733.01017511488
587,187508.68488789667
2182,612170.7591393617
971,134998.65122473377
2611,141157.74379313472
1887,103334.04858768468
2399,374746.6749356222
2148,193407.69496343346
304,118803.54562934439
1997,117515.89128725082
2817,103854.26735681073
1431,202481.66473537116
427,316240.72850074584
263,126711.69556733231
598,168886.4601732648
2895,222670.3772631521
687,143856.9513314208
1822,135815.7735771494
2191,106750.05120722465
179,122719.48299149814
1009,201994.8604193416
2010,139582.34609055528
1991,132287.17042988085
1411,164752.1624710484
1721,233860.76328841958
1144,186541.73392663067
593,216110.83791684412
575,334672.14226662525
1249,167064.7112757682
1604,123541.33727146186
1064,491638.143952048
1923,151688.0554013635
1988,114468.18246673245
2325,173135.33248895002
114,204263.95061618026
2700,169544.15317496686
217,134246.74453764348
343,169937.4296426666
386,215443.97106985192
2005,116806.29867325765
2908,151724.3977456945
1814,222081.95637494672
2446,523859.88413631695
208,131205.95652429736
1679,103917.12080327427
822,326004.5969701415
6,194841.07435886862
1781,388704.2393027346
2397,284901.2010472705
2340,317469.440703817
1618,187138.48265394717
2843,123697.72211514271
1061,367228.50904008135
2786,126474.59315481347
1935,139607.48975708973
1341,106869.45767279432
521,261685.20695980743
2136,133884.23818120232
996,210629.36076707637
227,143668.68056028348
135,178004.90137090546
1167,167625.93710951484
294,224399.25777042637
1776,204674.75922834597
540,162406.28069671625
1717,198973.60368119818
2303,136851.5731622313
116,177485.3429423635
127,136896.4140721059
1371,143028.78927049178
1014,137299.82737292367
1507,104053.32592240209
702,115336.47581605562
750,138365.5520422562
261,153559.9674027196
1559,59233.077493478275
577,218901.82515616904
2812,192708.1580406766
2080,156560.67470553797
1368,107960.13304523502
2376,121649.43670291611
659,104672.95588123231
1235,135054.0228749773
332,78985.79433436162
1917,141189.87234942545
2094,250388.38830865416
1460,247630.49232021492
1471,219270.43670255307
1509,130282.71472639135
1922,136873.1926523467
433,485107.73680846917
460,252581.41889969393
1116,240754.35232362073
1137,164764.81281068752
53,160676.5762316708
2354,265212.2789687897
1475,197126.73619984422
1761,547522.9859683185
842,143659.16504141013
2739,163348.9059949058
2509,150574.76511682483
1007,200216.8891315673
2610,189422.22341957164
1952,85380.74599082423
2719,157567.6695175797
2921,86735.8160787206
1966,145357.25970303974
292,109479.16099392078
1204,184666.3271181971
1829,275096.5055296785
2419,183397.47352833935
391,146197.28051154126
798,109963.17496061193
481,195909.94444489878
193,188874.3529232028
555,122821.31046739922
899,68502.8104515082
2357,180353.30276908164
328,130584.02024180004
1356,116828.27365943298
1154,100630.45695901349
1730,173872.21884622826
2249,158457.02653961704
1119,277013.4025296778
2856,141483.3429460978
1394,135837.77471275118
2587,126027.64360740846
61,317248.98520730605
2661,166264.8784621103
2711,132227.1719737717
1147,174956.14141001078
757,114087.9271693279
2623,108683.48971462861
2378,137938.6076783769
1413,135699.51611059142
1722,215740.657533569
1112,216853.641386527
1623,197545.88002875488
1201,187990.8011314541
1513,114261.45117284794
957,296164.29339845997
1171,261047.49384490444
1145,192874.49106051275
2726,238423.28835321803
703,138750.9102220795
760,89656.069272913
1964,153307.22506577405
2512,183680.16950660327
159,133726.61321786634
1281,160008.57739624204
468,176646.93700580767
290,127761.13376143659
665,99012.612798286
1463,243101.929760617
1792,232895.61059376824
923,161848.98216746046
500,250985.90833687878
1408,180804.94596466204
331,81118.03455914874
170,109810.88278694684
2192,97200.15578765694
2571,225448.77664130018
2314,182163.90175690985
2647,93409.80306870873
422,442277.57276355504
2457,357455.01641019137
1838,196488.64436251827
2805,252752.8820056626
1645,159152.69133578503
1711,304707.1828987102
2825,227832.37980180117
322,338525.9420137068
2103,242582.55712179077
342,111235.08764411758
600,125330.70171743576
488,176932.20579272776
1725,301728.7258174667
2246,278086.2909627653
2847,159859.0877664128
806,229931.82161169508
530,226677.30502332162
963,181394.77380973726
2678,97484.10873708906
171,90476.08802306841
2401,438181.14407724864
805,221058.11335347634
2259,249383.94038759198
1748,189917.2897094733
1361,140525.77080930106
1677,112315.20113547762
1406,141492.33636545562
2322,228939.9922834995
688,145060.6770334603
143,140830.81793003832
804,217590.23470254836
1214,153880.6386447366
2828,145115.26045885356
1999,146939.4984308766
2467,198987.4636467439
2665,147112.8246440094
1538,375249.5941624795
398,118057.31021050386
2822,140507.11908940927
2157,138779.19993090015
1856,194926.3971967826
1269,100936.8166947281
2570,112132.81298808662
2320,227101.30249579504
1517,140468.2388139535
2304,130804.3247266868
1312,104713.29271085885
2012,132238.57321986588
506,252199.1226438306
2865,227031.9349883372
2367,96734.4341275203
554,75288.0514166691
238,128482.46169848024
1954,116075.82000233914
2488,129377.99862076897
2291,75346.72763851748
1969,109164.42930588487
2725,162263.02190335796
1482,143429.6274274459
2763,189907.3448648659
503,250747.2551960902
1584,245506.39443347332
1531,130029.04631670075
2210,164194.78810283652
459,338310.0046901417
556,131893.7677301602
1347,124259.09195543012
1290,74154.47323659644
1388,105360.54025201379
1571,268182.64975984395
2754,195618.13528015924
765,127492.65273333325
2494,129793.97605308687
2870,241915.75475231052
7,212192.18317914245
1114,250095.7463304552
2418,270138.23786067177
291,122975.07414172549
18,313405.7507100633
39,372407.62307976815
1001,234777.7403868917
2442,218653.32815638036
616,117150.44645711716
2680,76219.9245496789
1414,134359.10569807395
289,153427.07578367545
40,244781.00797211088
860,121216.90441035842
409,127905.12528967264
673,154011.68407296605
2427,174407.57587355142
2036,224843.74017475476
2564,140969.05940123633
642,134278.5209116524
1008,190290.23703602928
1908,126069.15224029821
2519,193915.6428611378
1369,94616.72531683542
2855,167377.54456477863
712,97419.19580787115
1943,112239.18731853945
1958,121213.02067050722
107,145439.12301084504
2295,190858.64807664824
704,106306.49318746515
676,139649.0075583264
259,179114.20003306284
93,281483.2931100344
106,242007.2299577371
2315,181383.1685082806
1050,107202.52896238759
1095,203177.81832327717
2709,146981.53537403597
758,108673.73539220812
1496,152260.9806418377
2370,122405.85409061957
2458,278280.7008453567
2733,130081.9902246577
161,247605.16473430328
726,149323.03685941294
845,203519.80385492713
947,251275.83895930028
2232,113176.90379116099
2563,154206.90752522962
2299,131939.22254536318
211,78725.05915225031
605,148986.29237857813
1478,197453.98753487645
2247,272421.6263788476
2274,215532.91602429506
2869,204892.2446677179
967,206564.21636187064
2656,131855.8178788424
667,167427.04178750006
1042,103504.85729797313
2023,160848.35629561212
2447,392443.5559238142
2055,135884.45630150646
2275,311498.37700340163
2204,170446.76902750335
1563,275740.08568643674
483,212389.07044829658
796,117643.44977367632
1526,163191.4785458628
2042,116158.96409276879
442,345120.02139323874
1693,335353.88972016756
1468,218158.92598657726
1430,204067.4577853937
2605,121883.15030033386
1529,208074.84159867244
335,149952.8190214972
1287,131423.53227393123
31,92091.44186823435
1785,318882.4808676762
82,165041.2059781141
2620,135466.90321243316
252,180839.85161672888
721,56044.936984602646
2165,183199.62632282093
2316,193936.1568037219
775,124755.82138645987
1558,80388.12476354121
17,224438.55917608683
1022,201452.4757150618
925,131587.8350759737
438,271668.57022326195
1270,135161.1047651459
1272,126942.77178983824
215,116836.309567554
266,230060.2854049713
2402,292389.82624479686
1250,125341.04389677053
1984,108350.3421418144
1279,150011.3575819699
377,253739.3628569257
1252,115984.26742099026
2156,247599.32426430495
499,315152.9736804559
1374,127611.28875189165
2898,239920.22522246887
401,117723.7115690219
2721,154950.50667279193
2078,243871.65156305564
2589,125990.5330983575
1946,199800.0880167758
1334,120830.47163239724
2781,213654.72935800278
431,389049.00403901003
576,179820.5946927695
1474,202407.1541778098
2254,142256.2462209321
2155,280237.1531823533
885,99177.33447598082
643,140931.44361229672
1944,129683.92848987298
480,193871.86789187219
2845,97528.74866354518
2387,316161.49841714767
2407,204581.07360965703
2527,169515.92748165003
2514,147285.98629304054
629,132407.43726076576
80,212233.72669467016
1876,141226.88436983767
1546,126405.06498508021
2518,173465.4038429523
2347,162270.02422219215
783,255624.95881270058
1322,53874.02560376178
194,90220.29957022674
1770,284600.5611292182
2143,139458.70358435094
1229,229003.62461372826
511,271487.83298355737
46,225037.8291144374
1348,145055.7894200338
2465,195759.23899385193
387,233601.9241345068
873,220138.83297006495
1918,118732.34109557708
2764,233252.5801872114
2184,126871.58225770145
934,125610.81514063473
1920,130744.41588992614
2631,145025.57174582753
1768,611398.3800565115
2040,125895.68336631788
1749,216870.62339367557
834,236150.3432641998
1457,222675.84649285523
79,119588.23602936785
2302,133917.19934152733
1817,143716.58631718074
2755,234155.13970360724
359,176013.1257387735
2059,110459.1037714676
2092,240127.85117478142
2516,217904.4107513686
150,128384.36324614094
1656,129177.00292674876
83,91814.76454245258
2411,184273.9106201533
795,75326.14523173092
2312,213537.70031514473
2917,95801.02535985048
1624,176281.32193280084
2215,321853.79505648324
1211,149181.10466557447
1485,152189.32779687335
1024,163973.1743513495
570,182066.4821669523
2874,151027.7898960127
700,110970.296595344
2756,203877.96187587094
2022,172410.51573557532
583,229177.2692274457
2392,395708.7891567853
2424,173894.91751329583
212,108585.11891844051
736,135891.02141546158
1610,162525.15936877835
890,116240.08451982618
467,173173.7647749814
578,208358.64585522597
1747,200577.3103921936
1149,157386.07105759945
2758,243610.1952008421
857,138384.39782359396
2219,273741.28197327955
733,94830.59654757059
2909,111325.43497354184
1798,252074.034491518
235,118614.91151497772
2366,117480.18317756144
1027,134211.7073548233
1195,144122.87696363093
1303,55067.489573544764
148,180774.34476922252
608,151028.67393473364
2515,199638.42069765597
821,276470.55891916994
2500,261365.49598646665
745,109630.30917097368
741,123179.95394844287
1611,100435.47833664769
2532,124853.00944280165
1081,230105.35250453587
1692,442004.9715714086
2520,165612.7934511819
276,112797.44631073409
1992,131537.84459625906
663,59865.86555394758
418,114080.98786301739
1733,198930.84746382886
2359,149346.46066052368
253,176772.71123236022
1518,191043.00053924686
2035,125329.96935384198
2919,80997.63913589768
1540,274692.43503765436
2120,147196.8327159253
1674,162201.87974550662
256,154090.94120004162
2361,107122.38646905059
978,72274.9770398355
2280,147232.40808044447
2095,226860.9958358309
1709,333763.6229340447
2801,255445.95924335413
1246,122777.64617692778
2373,92243.419652665
1055,289721.5045029245
2017,128706.38109265326
1099,247793.96646846514
1344,85076.70383761708
835,209215.72973583237
1117,225068.02733598978
2043,85144.9892442266
2085,118217.00352025681
410,137130.54799283866
2650,111350.42186002518
2867,183443.05862554887
1668,119251.96923722596
1161,158988.317911453
2122,171266.95178552272
2539,152117.82033073742
1047,138480.21792210208
1445,134554.40539510327
541,129683.50227474613
569,200632.51799976657
1276,110563.07827431586
918,153934.205379174
326,167719.2065402637
1936,132869.40047850896
895,89262.41124725247
257,147747.74495800582
1241,180433.8837111242
1545,122807.51589988856
1189,171889.56871989585
270,139458.35216650556
2066,159982.19876160767
693,116879.25322127479
1259,129132.29146973835
2916,162764.72731440034
2321,309392.4240218837
1977,80242.93592238435
1895,148715.64791894643
1240,168449.4573752637
85,147505.42141336095
1823,117405.7727750343
825,280270.6517484611
110,225533.31876830506
697,123869.51934696514
2297,114324.8469193163
1231,135828.730746224
1355,141078.2144013932
968,334237.2376775959
584,219117.6135191114
1315,124168.21824247659
1606,143480.4042846317
206,103016.14707475688
1685,378913.6080550258
2016,141722.61884007617
869,205129.73301146546
2135,120081.95913398641
2346,184050.2919744021
2430,220108.29019348713
2198,85481.63959510431
2652,121108.12867847917
27,113744.87770265675
241,161660.9926833225
906,113834.3624935572
1506,115920.8885429957
2098,362228.7964443782
1435,221952.5578339533
2213,138008.51906333226
1274,136373.44777369028
743,46215.020432581085
1737,199313.02776972015
2797,283124.6468913475
2185,67538.72605935376
58,177189.20735996965
830,192283.70186795635
808,113945.37740464846
680,145336.96469620502
1153,106499.12834173169
1291,117793.6814098991
1818,136709.7720941625
2161,179383.54253991132
1883,116269.53319755211
350,325687.5665015658
2473,145105.33907045788
295,183737.2906557721
293,195263.3524446902
859,134543.96011563853
288,69145.637234365
1578,154144.6307325402
102,176257.79825992216
2831,135582.30492521363
1030,151491.9499495765
2551,156145.8499145731
1286,151322.60645973557
958,328214.6163656231
776,132322.35408728852
72,243800.60607561993
2263,256655.08562962938
1866,157302.31259691046
2876,76975.44247090357
2146,237685.42096607332
103,175219.5870049226
1500,137855.0516833079
492,171074.4218425932
167,148612.32788260918
2597,114346.5867081657
2685,106679.46006966683
1035,172644.96734402413
1220,69293.76816599975
2602,160910.50793475585
2159,205975.1269013664
695,138616.56214415075
1109,257848.48275333352
640,162286.9896894811
1652,144518.91724591798
2090,165388.46450000696
1188,179591.43728871108
2345,244270.01216362792
1059,427060.47068958037
2751,221613.94518975704
128,207919.39043723815
1523,187813.44682633018
2925,181572.95899219852
2145,276775.5163933077
1121,226869.1871356407
566,238495.52487968834
565,257412.91074369202
1331,138533.92513010057
2928,131043.80274141903
156,144551.73301420297
797,138873.27723816183
327,90684.26699448698
2859,139561.72508935846
1453,120654.20060588053
1762,328565.3610169988
1868,217462.21226388187
1760,181064.55737430754
1113,242045.45473200944
1812,199773.48935177058
117,157916.92398358093
1142,201335.2275280862
2342,441823.1612936547
927,144002.88923212152
2478,183566.79743399945
655,83871.07477762974
2064,127337.07572443737
369,265260.80748415255
2239,113246.80469373842
2732,206316.87036365122
1653,161423.35807014056
959,218870.31689966886
2395,367964.5815595477
1412,110106.09636675038
271,243460.83635230173
1484,140845.52468289802
1497,143471.52774974707
552,156419.24288046538
2,117771.43039964454
1855,276336.84820525197
4,261197.6704037222
2292,157257.09104710494
134,138071.324790146
646,101230.16952366749
42,315365.0329866011
532,226404.1699041955
713,89669.35631640561
2561,136161.91365166983
2360,140884.193373852
1333,121524.86079537218
1407,237875.41472839713
2892,307632.30433855753
574,209998.67939416433
1227,175327.9245371796
2591,215671.65501509508
1476,209320.1944827124
1125,247326.70308135313
1446,143643.0094519508
408,114985.33280602518
1101,291284.13890271616
2251,190510.29782805344
373,173475.04174358686
2554,138234.25283177677
2382,262168.7437714932
1985,93169.12009212178
519,234116.9940822481
1093,191046.99874378697
864,242500.7288204903
2889,149555.82390474656
2308,175677.40355938615
986,165574.98416104313
1302,148953.7820641984
585,157482.86065163408
2708,153240.93368148044
147,132148.99365013334
1441,222624.86678201825
383,191647.01506878677
285,145528.28305050923
181,110379.36580676623
358,189947.4450489956
780,166826.43527828902
258,195034.326490964
1865,201451.98781814336
692,117009.43632491745
2902,333188.18063037813
508,246673.7347752731
2638,158789.6095061457
36,139532.9324499013
611,170673.34678512652
2281,150427.34767692935
1678,113349.03111188722
1696,463039.05925048323
1557,73448.64923659404
2180,153971.769162116
1726,216875.87427797908
951,147566.70026298886
267,212526.53239838922
2706,143485.21439194947
2221,265863.7522707602
1357,179049.66056730162
2901,320619.242286208
347,183744.45490419486
2164,191184.76696172688
1586,308654.0214072522
360,151098.74653009162
1769,254404.02705478604
2617,150836.6466679859
1879,135574.55316937735
991,258095.99489405603
1535,126874.33158054751
1191,145006.4097401637
1579,210409.24636990495
1882,142135.43499229063
1510,137128.1745888262
2196,142729.05638073094
1845,169189.2680339268
2336,406980.01121962094
942,86931.35680709712
861,126799.43438527492
2555,126735.54075816418
1392,157843.98567321125
2099,242726.39633300787
1543,116098.60173474213
948,284797.68125256227
1239,178754.90785283776
22,180953.41922489568
2796,226900.3270303322
2747,180368.25421734783
92,282664.3371702253
210,163640.59197266534
1858,198678.58546018996
2228,154465.9486143574
447,214797.2806959431
827,224338.41523279695
1649,193233.53096771732
682,137875.20153218784
2698,111146.64894866098
494,172827.49369202188
214,75173.5467726847
2441,248938.58881428838
2679,115653.98676771492
1336,115517.06746047083
465,174998.67637416732
1524,145228.2199495305
2543,113785.36672775183
631,141519.95106863766
2452,324377.112577992
228,150519.74747683882
126,165343.85663649117
1092,235207.1383225946
1122,213757.69339028015
932,201849.72326603747
1980,84400.70378366957
2171,110530.75100311993
551,163039.44003844899
2768,161183.28980668416
2056,110249.83886539677
1159,357242.7088871294
2645,122542.7667487019
1174,173784.95923611685
2266,211426.51252337472
2462,394073.32483151305
1219,151209.60909184604
2922,183918.11828511397
118,138949.16156500395
474,160056.2114835231
2576,146100.62223754282
872,288570.4002644615
1077,208026.5907498805
1536,141711.50454168874
1150,114745.266358416
2341,340263.5806705441
1931,172154.62978794362
2785,137552.69050903065
2538,129073.47324020226
597,204085.31017317367
464,182875.5828531706
233,240262.7740234865
2169,124821.28637425498
2123,175467.62143607743
1867,169378.14871903876
137,234536.89703334478
515,247268.1566713966
933,110087.31539577543
2784,172436.54928801826
972,162628.90273739427
599,169429.41265626208
2614,126579.58047522053
2582,139395.0776272857
1409,169871.58629262468
175,99972.72815722816
352,228993.8203322412
976,88849.59009166516
2134,191840.97938275643
984,118439.5013677971
2396,392486.78816799115
1673,131903.3050525936
404,113025.1395107193
607,162957.36474914826
814,139035.33603656746
868,184830.4138507083
2271,186192.89506173375
1633,211107.07104147418
337,126460.74159612869
2765,170839.15030883256
1746,222614.2769119143
368,307093.9687593152
2806,202520.69126650228
1662,186619.65459296614
1234,210761.3165039954
1373,129837.08916434333
1672,115035.89647264773
1939,115807.26169216157
