id,SalePrice
2658,124400.76944971611
2718,152770.71911446514
2414,222440.91107892804
1989,106627.94796416957
625,178332.5128898877
333,92513.09437206599
1327,113320.61772163697
858,156842.94389111226
95,177157.70874529294
1568,170678.31423849415
2482,160071.7703101347
1364,124313.36269853322
2584,146640.4015115854
818,282890.89207064576
2673,156553.4440285601
2089,127958.02346898644
1297,150406.69717634568
790,115341.16310211875
2616,199995.08898211393
720,170214.23410757133
222,158438.89816762638
557,123873.20570653134
1148,193402.44901837825
2766,169350.68578650604
534,178377.79329853918
1452,124011.39862004125
630,118985.23939014306
2648,104470.93848182865
125,164015.70341574328
1904,64924.302562478464
1670,108900.69859750396
756,100861.6882305958
717,184228.46069746462
1032,150957.17299893344
852,218044.4975140881
1731,176103.15418895957
2639,109405.373352062
2071,98281.36847647603
1267,123673.59924448653
1851,185338.5684842275
567,155109.71942331293
2439,209123.03138727174
1898,155008.9006971225
647,162350.74808703508
2256,199513.73894801657
979,96934.2835544446
1444,217388.64701979706
2485,124697.82198127154
157,141150.33382876823
88,123038.03380701097
2003,108930.89292189614
186,185275.78676607512
1425,234343.39582069893
2695,126374.55071718885
738,105641.28737944637
395,168430.4570824378
1353,172163.6847001028
1878,137900.813732301
390,162133.5279717402
1456,231662.37953434134
1103,297150.64975111175
1387,119463.51480399468
2070,139738.43744562374
1199,179972.28732595852
2479,173537.71889011934
501,299420.8296304948
2362,98113.82902805039
1718,193514.80954269384
2188,83753.94271094409
1483,149549.50074467165
2557,91460.4136055998
437,375336.4668498751
2224,184878.75118848975
1628,172943.76314842337
397,144065.32847487155
587,188301.32471530724
2182,608019.9939055254
971,134094.87822975498
2611,143655.9793567474
1887,104017.87042922356
2399,369484.1284335934
2148,194358.51296173583
304,116087.48735041286
1997,117675.37674804915
2817,102021.04197729426
1431,203344.84151485635
427,308463.90383518493
263,127362.10919354054
598,171741.558232226
2895,221120.20022683
687,142097.5406026522
1822,137425.4550974573
2191,106403.5842203621
179,121018.93974485749
1009,198819.73635119593
2010,137015.78271384875
1991,129833.41058506943
1411,165221.79424533548
1721,228914.68850696963
1144,186658.0074520384
593,218332.82136001196
575,345773.7516779876
1249,163822.91416929042
1604,123244.52529118948
1064,470753.7991132146
1923,151069.8472841089
1988,114947.22938198812
2325,174025.41160543804
114,205152.49208296073
2700,165427.3814911746
217,127514.57302953255
343,171520.4626214692
386,216221.5002621757
2005,119206.89551743977
2908,150104.82575138067
1814,225430.30272145278
2446,528764.7493903852
208,130785.6918944544
1679,104982.059286593
822,323491.81203732436
6,196229.3885188755
1781,381828.5495601768
2397,280255.45437079994
2340,314780.1091663989
1618,186846.5529441363
2843,120256.12367700701
1061,364436.9698574733
2786,126287.58713729148
1935,139986.8389509939
1341,105757.31795115517
521,262703.3177124417
2136,133502.44655809112
996,208142.8460740174
227,144635.55931526033
135,178714.42647774378
1167,163879.27577954822
294,222494.02753300616
1776,203657.670056145
540,164203.9712919708
1717,195804.1796024949
2303,136960.44720621055
116,178771.49468622165
127,137139.9794848948
1371,140995.2993330674
1014,130742.88764299151
1507,105394.04170259622
702,116278.2831985757
750,138577.85780468938
261,151783.28380772026
1559,62149.030254553516
577,214068.38969721322
2812,192292.15069937924
2080,156498.50371825884
1368,107248.22939400117
2376,121850.9993432664
659,106217.97155048349
1235,135658.75692078334
332,78737.17558669568
1917,144631.2072672482
2094,251860.61669608997
1460,248632.02812025568
1471,218944.38193649153
1509,130020.25222601976
1922,136433.75160579348
433,487228.82572558906
460,250307.11880804916
1116,239057.38945458306
1137,165211.47761829573
53,164101.60626030716
2354,267158.21757048724
1475,196796.95584960392
1761,521909.0446325748
842,144322.26058874084
2739,166118.9404173289
2509,149165.0769164966
1007,198557.71445153496
2610,190834.43716171326
1952,85674.95904265631
2719,157606.6815077934
2921,85108.40149578988
1966,142132.58636623752
292,107901.62589662799
1204,187440.72180890804
1829,279563.0220262531
2419,181890.51796498912
391,147298.1274297453
798,111272.65011508304
481,199448.89935662984
193,191592.6559094712
555,123168.01434724094
899,67181.27343887299
2357,182011.14644679625
328,128273.19316469648
1356,116779.02547268721
1154,101050.03888826095
1730,174350.38563880447
2249,163584.9119764707
1119,276721.6757063639
2856,139217.8992193563
1394,133593.95905930203
2587,124917.11908206924
61,318968.6931442211
2661,168895.30684461276
2711,132172.2398485519
1147,175378.1655563636
757,113626.37034548093
2623,105782.06018068217
2378,139592.90583734374
1413,136254.19610446016
1722,215355.32492628714
1112,216868.26065904796
1623,197822.36325645525
1201,190136.08504599618
1513,114279.79251615421
957,290967.54633265344
1171,259112.9908666817
1145,193528.70284903556
2726,240148.11371016933
703,140521.3438505956
760,89633.4604807726
1964,155756.57300376263
2512,180081.6545650793
159,138176.97490534626
1281,158272.68512312698
468,177002.23146653373
290,128847.15142442327
665,100622.82091230774
1463,243062.03839868042
1792,232262.2101898192
923,160977.1194890734
500,248290.1048524885
1408,175236.63843543365
331,83082.35654011022
170,108033.60853401783
2192,98680.3789428743
2571,223026.83657452153
2314,182419.17232169572
2647,93849.03401045711
422,436039.48987389775
2457,352045.3063707143
1838,197224.66694262004
2805,255019.09462140387
1645,159770.77120721285
1711,303113.81067511364
2825,232327.01017665377
322,335024.93156150985
2103,243493.07243524914
342,112450.38862799758
600,126987.63998240975
488,175643.8630336332
1725,296708.52110210195
2246,277966.887227583
2847,156146.5103139575
806,232616.60640492284
530,226558.2490105898
963,179708.74749589432
2678,92306.63620279191
171,90156.07028025856
2401,437935.0419801521
805,224508.80382452332
2259,247362.16249937762
1748,190506.39486123432
1361,137613.56483078122
1677,113139.33081080437
1406,143433.11844919206
2322,236796.07431508056
688,143846.9407757562
143,140797.59292303596
804,217639.36311449777
1214,155953.8831219563
2828,143906.8174893081
1999,167756.38444105015
2467,199527.81217155964
2665,145736.05439938014
1538,365197.2726188653
398,119005.80756243422
2822,140600.5145847425
2157,138877.2820741072
1856,195593.61840814332
1269,104164.3778300446
2570,113416.3216624293
2320,230200.81450961306
1517,141395.15213448662
2304,130245.81937964397
1312,103028.57631615555
2012,134671.0141084337
506,252552.93932414174
2865,224492.8016473813
2367,97933.55811640268
554,76486.30248571336
238,128367.22443381754
1954,116397.82844387679
2488,132315.2763164853
2291,74558.81966391005
1969,107538.39239462122
2725,163340.77005336495
1482,144189.8327706007
2763,189967.17894018657
503,249441.7832027557
1584,250143.72465513647
1531,128127.56100883524
2210,165348.6104715482
459,333316.986666157
556,132455.81902261963
1347,119908.83524958327
1290,75648.5937165927
1388,103636.40826717291
1571,257059.37826594245
2754,197882.76907357038
765,131386.02539150478
2494,132057.82172971917
2870,236911.41881271577
7,209204.76912909938
1114,250316.93241641243
2418,272173.6763792992
291,119694.70546880206
18,309324.63110416505
39,371411.06725109636
1001,235351.65651396062
2442,218577.43201644014
616,119169.25323725853
2680,75643.65502502087
1414,136103.90776456872
289,150675.279833928
40,242922.03823290803
860,118931.50193968572
409,130109.16686045028
673,151475.76933275443
2427,176600.90203213232
2036,220037.02492282412
2564,143424.1769036388
642,136467.77636906045
1008,187770.52214154886
1908,125057.91480156449
2519,195474.58769564744
1369,92635.06910215106
2855,165315.56440724907
712,97364.58456529051
1943,111316.22837647777
1958,122911.99680138809
107,150938.55055845555
2295,194916.16359859862
704,105710.14774175028
676,142905.9116696492
259,178820.72008290904
93,282172.2410178152
106,242420.55865241212
2315,180803.3151448658
1050,106766.99927987068
1095,203364.79012260877
2709,147395.97624685938
758,112032.99123977331
1496,153917.67583161264
2370,123603.86083764366
2458,280194.25484453473
2733,130623.44312018114
161,244244.18615659443
726,151513.07934948866
845,204074.44799938993
947,254599.50603953234
2232,108769.7305252825
2563,152887.46911126093
2299,127422.8568220511
211,82588.77329209815
605,148578.5988143407
1478,198596.2476311735
2247,274517.8274054039
2274,206994.5952514089
2869,200922.04909823174
967,205270.19994232562
2656,129625.65019022775
667,169987.47518874236
1042,103474.64821544968
2023,158858.40888279548
2447,391665.2908735492
2055,136217.36765634385
2275,310252.5055100778
2204,172805.22660108813
1563,277391.3044861109
483,207451.13716055764
796,119000.38412433534
1526,159230.78120870382
2042,117264.87187503694
442,342066.4715180643
1693,331857.99147931463
1468,218618.57572429406
1430,202980.30610175818
2605,126019.07983424551
1529,210941.53093915663
335,150064.12161863325
1287,132276.26057981665
31,92370.97974529657
1785,316885.9055348151
82,165209.17680440852
2620,134589.16367261115
252,180345.38777197842
721,60858.29398400383
2165,184302.54872632903
2316,193731.87220669663
775,125690.45675271947
1558,78709.81884786194
17,224551.44616687528
1022,204265.84137254924
925,128977.38122523077
438,271317.61454459024
1270,132447.08100303455
1272,122626.12921014082
215,120360.10087863356
266,231489.06889585312
2402,290966.2894110517
1250,124311.49610768678
1984,107179.54736583596
1279,149071.37915674606
377,258086.6960442937
1252,118068.54478777906
2156,249929.43542914145
499,314885.59833332314
1374,126529.97458855614
2898,241120.3734432621
401,117516.8242583547
2721,154108.5222272917
2078,245939.31956638748
2589,124781.42673605685
1946,199222.06313261707
1334,119830.18198958755
2781,212372.69116598452
431,384090.04118263134
576,181448.93730622422
1474,200546.36179017334
2254,144469.2053475469
2155,283641.49723212473
885,99900.78350599285
643,142372.25696472466
1944,130842.47304421695
480,196371.0459813751
2845,99510.9536489013
2387,314532.31206860085
2407,203611.0423763931
2527,169332.07829879722
2514,146222.3734222456
629,134495.52775266158
80,217366.4811010671
1876,141606.09235099689
1546,124597.76811315934
2518,177416.70420340516
2347,162219.61260011772
783,245710.28032341582
1322,50845.35941011462
194,91426.14745616788
1770,282768.33936160605
2143,136237.33083006224
1229,232018.31815485554
511,273786.2142846427
46,224508.47657175545
1348,143446.91132413183
2465,194387.76198581612
387,236801.65223163387
873,222186.77414851508
1918,119700.4134172179
2764,232013.346550418
2184,129198.76365107099
934,125474.43071106738
1920,130243.98485059587
2631,142945.25268893378
1768,609117.9723298226
2040,121303.55553923089
1749,219142.75543069225
834,247777.36023186095
1457,223867.39685389097
79,120866.93021789775
2302,131876.019263054
1817,146571.40213285212
2755,231706.5567470724
359,176861.51267997033
2059,109064.21110569348
2092,238751.34762990035
2516,219522.8421715279
150,128795.58191909028
1656,131410.5164190001
83,91479.81739287291
2411,184699.25736446306
795,75815.26126586235
2312,213426.7313265595
2917,96016.86330866542
1624,177099.19185147967
2215,313164.4634640775
1211,149342.2875654123
1485,152833.9971585522
1024,165849.79676781426
570,182396.3298984384
2874,150444.54557013678
700,112917.9261299407
2756,201565.66980002314
2022,171463.7378595591
583,224153.095505792
2392,398274.6240750272
2424,178235.00101565782
212,102784.17739077914
736,133988.77467873332
1610,162761.76678011683
890,117190.54584599771
467,173646.6799645178
578,208381.5555146818
1747,201199.22925474806
1149,158536.2874246368
2758,243782.59025188815
857,139161.18106493642
2219,271378.02570020437
733,101269.52448391997
2909,111127.80799703205
1798,251938.67057918684
235,116782.12360120105
2366,121183.57067245813
1027,133935.69746775078
1195,144403.78006453722
1303,54739.05901085162
148,181089.4639669737
608,150390.81051931533
2515,200647.87626348302
821,272773.0019009892
2500,258862.56092840343
745,111646.25793853008
741,121861.01478525056
1611,97844.10739021256
2532,126681.57767339886
1081,234154.8932422776
1692,434097.4934440093
2520,168643.15993336897
276,115760.54893837743
1992,130315.4812769278
663,58023.552510453796
418,116251.52966568354
1733,198875.28598175914
2359,150430.8258796106
253,177377.8683555162
1518,189866.83416085495
2035,123909.02286334035
2919,80274.79157413944
1540,269182.6987049928
2120,147500.619263366
1674,165536.64694586716
256,158417.6678434454
2361,111181.76109249413
978,73740.61884245534
2280,146075.56437882845
2095,230829.9044279986
1709,335315.8761858259
2801,255179.36430629744
1246,123303.50923348783
2373,92547.6676978758
1055,287519.04676663387
2017,128624.81971973089
1099,250430.00865031546
1344,88376.67872597548
835,210411.52444773557
1117,220672.83212512988
2043,86298.04078668568
2085,121910.74754745027
410,138525.32920141608
2650,109146.28248520628
2867,181566.60341837417
1668,119917.41470801109
1161,157839.5054630317
2122,172508.8386007513
2539,153870.92983828747
1047,141063.67184295252
1445,133701.87554522892
541,129688.31366272729
569,199704.201744058
1276,113593.74705099814
918,151427.55496171428
326,167681.33795821542
1936,134341.9109602927
895,90683.8415121065
257,150618.71188578024
1241,177978.85891828293
1545,124226.93683471582
1189,173933.3662489269
270,140258.1145288056
2066,157425.16368728862
693,117183.46171143303
1259,127518.79803628792
2916,161903.0644066392
2321,310546.57401661994
1977,81138.01866904284
1895,149712.81315880272
1240,168159.05577216184
85,150166.79452183508
1823,115649.6780900636
825,282190.50110888446
110,225856.955357476
697,120978.94363079943
2297,113552.44062660815
1231,135070.97722962082
1355,139824.46031637263
968,334982.7214590016
584,217628.13152452483
1315,122151.26545267811
1606,143979.2250137922
206,94145.80837776336
1685,373216.3287829771
2016,142516.54969476836
869,204417.21145703754
2135,118692.00846910039
2346,183522.49515472108
2430,223265.64408009007
2198,90152.37456146635
2652,122129.36552356913
27,114411.58358874639
241,162763.87836122932
906,114622.9298876561
1506,113508.27588687162
2098,362055.3835198052
1435,221301.87724395617
2213,139193.55980258744
1274,135620.0951562508
743,46598.240430931284
1737,200044.894117134
2797,285522.96959504776
2185,70085.80449384023
58,177563.7869321038
830,191822.5868296287
808,112064.77573648242
680,150041.0410819448
1153,108050.52995106128
1291,119058.41305411674
1818,136108.32234974313
2161,179229.5120158855
1883,118001.98628873083
350,318372.5908400263
2473,144943.7232311373
295,183412.74160992703
293,193692.68187776775
859,134374.4167085399
288,69511.21558832047
1578,152689.24575307372
102,174475.44041857624
2831,136567.09816643278
1030,150315.75893146492
2551,156998.64059052427
1286,151938.86526131147
958,329488.5118577091
776,132922.13474567508
72,243954.04550070924
2263,257054.39691572892
1866,157653.0976898615
2876,76368.26110504408
2146,240244.66682992002
103,172494.24092141967
1500,136532.4433945449
492,175704.02657720612
167,146498.19531333545
2597,117230.45918851988
2685,108997.22200166684
1035,172788.8973970905
1220,72036.87914576361
2602,162644.09544050682
2159,207842.73181549643
695,138105.20052898972
1109,255611.30137438758
640,162364.4009916705
1652,145798.89967782816
2090,158847.8972947049
1188,175898.75925978954
2345,249362.70853084687
1059,419970.473375599
2751,220743.71298070764
128,207113.73688760595
1523,188812.7922804583
2925,180081.9101459683
2145,275595.071387914
1121,225533.125296877
566,242821.3682526542
565,262004.3679259262
1331,139506.19694790585
2928,131300.8844623648
156,144056.9964906779
797,139846.9314794934
327,90704.91444942437
2859,141125.19842160417
1453,120165.77456811155
1762,327976.2750178756
1868,216521.46333341533
1760,180137.85723769478
1113,240983.25394290447
1812,202459.75873493988
117,158995.07768222122
1142,197947.40423003194
2342,429667.811663642
927,140186.74840864187
2478,183749.5272433771
655,84261.17721055735
2064,128779.40958827152
369,263455.12523095973
2239,111117.59316448505
2732,211946.017676896
1653,163248.2062897835
959,217801.34181612113
2395,367920.35100170894
1412,110428.67575972904
271,248597.12497418482
1484,141952.304778952
1497,144255.48534407717
552,154758.5726754829
2,119546.23891892385
1855,283039.5968741319
4,253816.2061373338
2292,157625.05590579388
134,139092.76418951422
646,100254.65983031604
42,311415.83406577463
532,231870.44843295697
713,91317.61442750163
2561,135995.91226152168
2360,142886.04952514137
1333,122104.06833281409
1407,236745.77794275558
2892,311935.607395901
574,208883.50314415997
1227,176742.50703760286
2591,207872.9437933852
1476,208243.13979939107
1125,248322.87854825935
1446,143839.0637553423
408,114834.2579412306
1101,288433.59600712056
2251,191921.50458925508
373,175686.31076735878
2554,136403.62738176866
2382,260502.76122196054
1985,91818.81129853812
519,234645.0470601879
1093,188454.9618382319
864,246533.6247767208
2889,148154.2953114601
2308,173620.35551079625
986,164096.41990832513
1302,143510.79304889258
585,159084.28004191324
2708,152720.1248567955
147,132138.56642330092
1441,222356.96557280683
383,189512.5839371581
285,147171.3485355437
181,111033.17913095518
358,190864.77503209942
780,166109.97197664608
258,196060.40375363917
1865,202448.80405749226
692,116649.49046255104
2902,329876.5510139382
508,242522.23039243004
2638,158150.1686075432
36,139987.20310504362
611,170884.6352151126
2281,150406.04148847866
1678,114021.8766637579
1696,449867.68952781684
1557,77650.97013480085
2180,156278.99951269972
1726,217144.36306036584
951,150914.8246462574
267,213022.36583421525
2706,138891.94444902858
2221,263203.8215024517
1357,178964.54446964044
2901,322590.7269995625
347,183120.62985922396
2164,189520.95498752766
1586,310977.5867893478
360,151008.56735259536
1769,254845.26271632503
2617,156270.25856503396
1879,136506.85315145398
991,248623.12139648251
1535,125177.84478356551
1191,145865.05755775026
1579,208580.17614595647
1882,139824.27823474508
1510,136580.3318398739
2196,150070.06321955528
1845,169342.50203202246
2336,401716.6539860586
942,83176.49098485672
861,130120.63653479266
2555,129954.53079910157
1392,154420.35720812864
2099,243851.1356649351
1543,115929.8800803556
948,288960.1052408411
1239,176887.02250536493
22,185112.49518779488
2796,225800.92080738748
2747,178482.3777075161
92,283126.01743140153
210,163314.89122544596
1858,199400.4932235182
2228,154971.2270875394
447,213111.13624462005
827,225960.94253494003
1649,196053.97960645796
682,136263.43800308113
2698,107428.7061795812
494,173097.0987999482
214,78037.66612260621
2441,245846.80396424426
2679,118321.03006873892
1336,115877.02816020948
465,177662.50745649013
1524,141233.72078861872
2543,113661.3313044678
631,142307.74641002645
2452,325075.7770210363
228,152247.81592543315
126,165820.40530062577
1092,232864.3586273707
1122,212734.65673593254
932,199583.82903062948
1980,84092.19535789156
2171,110958.56692397279
551,163131.44964001313
2768,161852.9348145071
2056,110215.74552710218
1159,356823.3254533757
2645,125334.18130697255
1174,170289.28816440518
2266,212047.36483515435
2462,389635.6779189269
1219,151876.73359332458
2922,184948.6464069088
118,138817.70776715223
474,164203.97935152592
2576,146573.87544409957
872,291003.05950205895
1077,206694.86964548056
1536,140933.6542836931
1150,117655.55551875131
2341,338042.4173076217
1931,172286.19561348905
2785,135464.16265034114
2538,130041.10807139518
597,207675.26570305345
464,182805.68485095762
233,235649.75286750562
2169,123252.3415221089
2123,174303.92200431367
1867,167937.43454189505
137,241728.8795487338
515,245226.38666467046
933,109599.87221434867
2784,171714.25016408396
972,162175.17881904205
599,167767.7843586472
2614,127969.95980370513
2582,139723.65366357335
1409,170172.08417064737
175,99181.04716683386
352,225695.7271254919
976,89848.80758358313
2134,191357.83084286525
984,118655.81815673196
2396,384750.36774443084
1673,136890.92150932056
404,116365.91547346076
607,162544.55367776574
814,139355.75299626336
868,184178.7368659576
2271,186891.769990649
1633,210859.27614756554
337,134053.20400616544
2765,171017.1155319831
1746,227831.61712517976
368,302638.1047665615
2806,203393.21589070748
1662,184861.97194774012
1234,214333.23740180212
1373,128934.4560263779
1672,115269.12081514194
1939,115600.09460598593
