id,SalePrice
2658,125742.92884552904
2718,151585.91183829462
2414,223919.9230290082
1989,105653.98086729426
625,179806.9889018633
333,92474.81481477118
1327,111809.63372185685
858,155285.79952603986
95,176578.95121132454
1568,170100.6452411476
2482,159933.79856600187
1364,120298.51508699465
2584,148589.0334811346
818,284914.54418665805
2673,154887.8064897115
2089,126024.68293599853
1297,150488.52942652442
790,116201.56432083061
2616,192843.65034322374
720,175538.74034185338
222,158939.15797672202
557,126505.48411436852
1148,194853.75390786552
2766,169014.4347164545
534,177566.13679949657
1452,123223.84763187892
630,116121.05332684553
2648,103299.12017129893
125,167419.8816503237
1904,65069.240023011334
1670,109690.83516765457
756,100645.83419102964
717,181876.6326850487
1032,150782.09522162986
852,219797.60439645487
1731,174716.08954399283
2639,110101.12427783078
2071,98131.09592771101
1267,122326.95948527782
1851,187242.99094790596
567,155530.8512363212
2439,209320.54320496062
1898,152095.02787357237
647,161552.1386714639
2256,202687.60435549633
979,96658.6517292834
1444,216564.10886562808
2485,124320.70892425484
157,140245.2779238709
88,124226.1402693077
2003,108680.91641168082
186,186514.87610091106
1425,232610.35429738884
2695,126544.26584492667
738,105324.31902106878
395,166391.6733717342
1353,173466.2787011164
1878,136579.74985603173
390,161465.42229177296
1456,233494.68841463828
1103,298506.2506995881
1387,119152.26522607656
2070,138084.0888353244
1199,181824.09136383494
2479,170980.89576745365
501,302444.25765668374
2362,98026.61127831569
1718,194634.69083517935
2188,83150.11186852756
1483,148318.68868354367
2557,93235.78244807923
437,375073.68021412916
2224,183605.8298952648
1628,169818.39996353356
397,145928.2567063455
587,186357.62718800505
2182,608397.0314046952
971,132106.6506810407
2611,141166.88252243918
1887,105384.34827322245
2399,366162.66179662576
2148,193923.22676341294
304,115482.33804771707
1997,117208.52223574118
2817,101851.73163570602
1431,206898.03220193984
427,308396.64148888347
263,126722.43628344963
598,173583.75097825643
2895,219816.01485900878
687,139951.5188115556
1822,137256.87531091276
2191,105534.99888474072
179,121406.2914728013
1009,197624.89361181535
2010,136584.5694799705
1991,130592.69805755332
1411,167972.99886279437
1721,229996.93830047472
1144,188585.97609773267
593,220979.02364063307
575,348367.3694972455
1249,164741.9669098871
1604,122017.3025148504
1064,460344.42015924444
1923,152302.85613130478
1988,116738.14271363393
2325,174195.73492638156
114,205355.0030805874
2700,166930.47148426247
217,127874.52464555798
343,172044.5426015472
386,218210.98650359892
2005,117879.07115265766
2908,149618.64328693657
1814,228486.92180199825
2446,525965.2235751811
208,131300.99158858604
1679,102547.86293143859
822,325059.7801991439
6,198258.72841799015
1781,378623.30877193174
2397,281568.9205262639
2340,312512.7548880853
1618,189257.11755879884
2843,120707.36354204203
1061,364023.5610392428
2786,124932.25641357165
1935,138800.9957926827
1341,106640.2826934796
521,264335.26356591843
2136,132467.99398910932
996,208953.33968274493
227,146793.96950669395
135,178334.24091212003
1167,163023.75104833182
294,221894.61591240796
1776,203172.1173299805
540,163502.8063540776
1717,196913.52438313924
2303,137319.50408531752
116,178367.57420096724
127,134900.95885994477
1371,140513.78150404216
1014,126416.79226548366
1507,104681.8072181871
702,113996.1167984768
750,139185.62135444558
261,152530.12187234452
1559,62695.827240586565
577,212396.85105399214
2812,190483.18254364372
2080,160641.23347379058
1368,107096.70729042155
2376,122275.05437756116
659,106876.0708118732
1235,137071.41061050366
332,77289.18236049701
1917,142981.92867895562
2094,251535.22912761534
1460,248088.43046416168
1471,220443.46997893444
1509,129510.61129896094
1922,132882.155990541
433,485837.44578908035
460,251754.35593339117
1116,236494.08308842138
1137,163617.663685786
53,165987.94975969658
2354,268249.4556739121
1475,195172.26767386045
1761,513275.08121651073
842,145413.74089955864
2739,171449.91868852393
2509,148807.36860217946
1007,197656.21846379671
2610,188776.84995234493
1952,86592.92311135436
2719,155517.80619732005
2921,83403.89744849972
1966,140913.34847610779
292,108034.58580921311
1204,189896.07866224795
1829,275589.42780737235
2419,182697.84641413795
391,148514.01396109205
798,110906.88014742009
481,198545.5659511134
193,189366.18956550566
555,126399.3012573001
899,66121.13147487963
2357,181169.51119627315
328,131006.24309757857
1356,117250.3897455488
1154,101469.11724355088
1730,173778.2831650267
2249,164308.60511986885
1119,277757.80791757983
2856,139316.7522567844
1394,132625.2574406382
2587,127082.96332681247
61,321107.5523535677
2661,165588.49742621096
2711,134484.64924328795
1147,175388.98138391483
757,112401.09755268032
2623,104603.05827000215
2378,138437.6659572942
1413,135232.47910055524
1722,216858.19712619772
1112,216180.5769755712
1623,198144.54300347436
1201,192551.46777353442
1513,114176.66245467123
957,289384.04154811887
1171,260919.11281866033
1145,190397.93025610276
2726,242581.47794189453
703,137317.86147181358
760,90559.35967474928
1964,152256.7121842638
2512,180742.2087507888
159,138467.51603041592
1281,158288.6647734554
468,177057.60551410393
290,128950.59969547088
665,101739.6033285227
1463,242582.76162665134
1792,233314.67671121305
923,160295.02408509466
500,250503.29387735968
1408,172799.71523954114
331,83639.44715709149
170,109888.45687845841
2192,99950.54325830848
2571,218216.17875164724
2314,181222.3165472737
2647,94830.25531944481
422,433255.9578755474
2457,353395.69456249004
1838,196088.30407101059
2805,255556.86881781454
1645,158619.40817171804
1711,301473.0655260809
2825,229974.46630328766
322,335779.0360390437
2103,241928.7538943343
342,113480.23412240873
600,127046.82718516402
488,175846.64190791672
1725,294044.89292068186
2246,276297.01119615475
2847,153870.1209188406
806,235950.03509007813
530,225266.00067804896
963,178887.39872003652
2678,92258.53113181128
171,89046.24223116656
2401,438492.46484428376
805,226125.83961857032
2259,248915.45745740426
1748,189927.49830626798
1361,134464.21244483208
1677,114195.3694079809
1406,144890.34485225021
2322,238409.26312689693
688,145275.22613672493
143,141578.75855020923
804,217988.11905297608
1214,157620.88850261134
2828,142970.85422738237
1999,167313.8469086172
2467,200261.12128335226
2665,147246.31552854556
1538,368828.75683699513
398,115995.10566939633
2822,139859.98630251904
2157,137893.83096298334
1856,198514.95378559755
1269,103341.44065027141
2570,114961.3765891131
2320,229460.02348744418
1517,142299.2092012692
2304,126990.44935313403
1312,100840.13544326709
2012,135741.86774890366
506,254753.89214244895
2865,225926.9115159293
2367,98984.89359572041
554,76310.71515768491
238,130643.28902442995
1954,118271.33148494485
2488,131001.97992364141
2291,73520.42928696578
1969,109395.09713419742
2725,161901.84029389193
1482,143024.96992012986
2763,188681.21359172865
503,248563.65958909373
1584,247354.63085396655
1531,127065.57205014864
2210,164374.17994230037
459,332563.3178228215
556,131710.79919711011
1347,119938.66209993462
1290,75224.02446487306
1388,104436.50012816131
1571,257399.9205778861
2754,198904.62487089995
765,132200.3392241101
2494,131171.9839668575
2870,240323.46408829957
7,211803.8266836381
1114,250472.06950374553
2418,270375.61527438404
291,121240.74384546702
18,308528.9736974863
39,374515.63166712906
1001,239680.15929080176
2442,218190.27447725894
616,118173.58113158088
2680,75793.13456713631
1414,136484.97197812705
289,151524.76251470347
40,244749.3001725005
860,117478.57009513736
409,129143.27613433426
673,149746.0959282302
2427,177865.47453812402
2036,218149.16024038318
2564,144458.36354819065
642,136835.75280381436
1008,186754.29741101956
1908,124362.68521729526
2519,195867.02691023063
1369,91628.75528300696
2855,165464.75895394277
712,98189.87720376802
1943,110854.18695989487
1958,121928.29523643316
107,152832.12834733655
2295,195310.32578080043
704,105943.60939273328
676,143122.42753456827
259,180379.3785856899
93,281334.2630690795
106,244650.0463471804
2315,179866.9440475047
1050,107472.10917928463
1095,202453.23871808132
2709,147707.40919624578
758,111438.73949307851
1496,152964.74527402467
2370,123024.45678335325
2458,280041.4046891978
2733,132635.70254432666
161,240521.5869800192
726,150446.83544001292
845,205193.06508699473
947,257704.89580846234
2232,106996.42655039846
2563,152068.36290683338
2299,129016.47628255475
211,83074.33941071683
605,148514.85114066646
1478,197415.6709828309
2247,273317.9928977385
2274,207353.05255878318
2869,201624.3383040879
967,202917.46085439486
2656,127937.92472952325
667,167889.33067394808
1042,102602.49670301696
2023,160018.12294609274
2447,392779.41984366986
2055,138357.99560812273
2275,308246.51565619983
2204,174261.63662426092
1563,276685.0550449942
483,208892.0769885036
796,119164.07429146521
1526,158741.23695730546
2042,116369.3927155398
442,344204.8778224342
1693,330517.8588174239
1468,221917.29164739023
1430,208900.30846190185
2605,122284.38244142118
1529,215200.16468818486
335,155016.39061266315
1287,130625.21526570932
31,93225.56829379086
1785,315272.2962689126
82,164716.5037465462
2620,134263.19456451316
252,179916.52369215412
721,60878.586288351646
2165,183393.94228574634
2316,196026.6104775944
775,125522.11152671605
1558,78116.83531274856
17,222696.5889989386
1022,205203.84337307795
925,129344.9633439998
438,272838.01593116863
1270,131594.778954486
1272,125114.23580444093
215,120891.97423683378
266,230609.4694559754
2402,290852.8508202314
1250,126491.50986361428
1984,106928.97592506924
1279,149853.5083528215
377,255950.46651027832
1252,117151.37794897155
2156,249765.1101499527
499,313236.150343889
1374,125828.91896000774
2898,236514.2333111392
401,118441.4235965763
2721,151730.82329595758
2078,245777.1291713984
2589,126169.105327387
1946,196176.755391159
1334,120191.19662555239
2781,211279.5717919303
431,383407.23869790585
576,181446.56721923806
1474,198367.72743010358
2254,144064.29305004785
2155,282549.38428492716
885,98042.24322030722
643,144463.79995113946
1944,127834.446937616
480,195370.48598891112
2845,98732.1826672506
2387,316129.30152035266
2407,204689.2450173848
2527,172399.18214425718
2514,145403.31534206434
629,135462.68474533432
80,216665.70732390738
1876,141401.1391500127
1546,123762.20190565845
2518,177439.3461148625
2347,162962.88843387825
783,243302.37454603557
1322,50748.82591514758
194,92083.73259385703
1770,286123.64699078613
2143,135805.0521785028
1229,229547.69558487693
511,272324.4450917298
46,227115.33638174587
1348,143768.1622565708
2465,195257.99507536806
387,236380.07029271527
873,224628.94771206207
1918,121356.33689359693
2764,228164.2163425619
2184,128903.20782034725
934,122853.14762123616
1920,125628.3899187711
2631,144418.4933886223
1768,615698.2631913909
2040,120094.18739861794
1749,218847.1605739069
834,248788.74773290078
1457,224817.03847123942
79,120314.38536819772
2302,132699.48592953966
1817,147529.63440496704
2755,232538.11088241203
359,179367.1127134992
2059,110020.95034753003
2092,236934.20413045512
2516,219214.07529420758
150,126521.20257572572
1656,131076.68068660505
83,91522.07723382965
2411,185453.75598719355
795,76495.21540258135
2312,215320.13527347025
2917,95396.34132997647
1624,177378.57821158046
2215,311117.45517977496
1211,148152.08732280182
1485,151743.13455521927
1024,164412.24983144726
570,183940.20980725778
2874,150857.87072516198
700,112018.00820979835
2756,201870.35121811889
2022,172480.78701545496
583,226231.96359313658
2392,400120.1183523959
2424,176895.15079838585
212,102404.82896509746
736,135296.9188758757
1610,161453.60950583228
890,118980.6944590054
467,173210.5131677964
578,206606.33552062235
1747,200467.59055211258
1149,159396.47489310885
2758,243631.14457226414
857,137428.74203236192
2219,270699.3967713566
733,101485.18040819486
2909,112082.17199554278
1798,253875.64278873836
235,114792.3769283104
2366,123446.34967724088
1027,134239.82437800794
1195,141801.65197123776
1303,54957.194500086785
148,182475.18607768128
608,151809.61934419797
2515,202034.11000064632
821,274991.5883612795
2500,251196.45397536695
745,110535.7619700423
741,122189.795780133
1611,96992.43376317431
2532,127742.70592443299
1081,232945.54609205804
1692,431805.5784402623
2520,170248.6786991361
276,114798.16993208499
1992,130706.39768068855
663,58690.05921474188
418,115120.54194954636
1733,198179.7794664457
2359,151738.08765196285
253,179314.75592147815
1518,192729.60625617192
2035,124904.31063437223
2919,78684.30052904318
1540,270915.0845051621
2120,147046.22398903064
1674,166276.6191428393
256,160919.47941188162
2361,107398.90709300878
978,72286.9689192682
2280,147231.09895732356
2095,229550.09862479486
1709,334178.2847885891
2801,257790.86146354355
1246,120780.88671835694
2373,91398.05140832196
1055,285831.8225836334
2017,129857.44717966362
1099,253114.57582538054
1344,88202.7202876319
835,213914.4630542853
1117,221183.12028017046
2043,86786.9479350022
2085,121705.60340985261
410,137755.9709133557
2650,110184.200531645
2867,184833.26849547014
1668,119985.8994968808
1161,157436.2774053587
2122,175207.73661796714
2539,155173.8234229308
1047,140941.19589920758
1445,134239.97095843882
541,128524.21196892965
569,201579.54362016704
1276,115970.00182396972
918,151645.7180681799
326,167729.64497520283
1936,131888.45919126968
895,92144.1147349552
257,149808.26683924918
1241,177710.88290711454
1545,124180.15705945803
1189,171217.28383411097
270,139498.6914766037
2066,154909.38237397568
693,116349.61165830161
1259,127563.51820467424
2916,162122.21005132998
2321,312836.005656868
1977,81479.02901158147
1895,151109.10234157555
1240,168087.34284634978
85,150764.17266727728
1823,117660.83443056411
825,282980.50083889003
110,225766.1149920216
697,119297.65675737144
2297,115522.45225007544
1231,137017.24756249992
1355,139561.60982531734
968,336299.0768781524
584,220032.97925132475
1315,121520.3525842229
1606,142927.85557677472
206,95267.66930494418
1685,371290.2751121197
2016,138960.77162559342
869,205741.1922938445
2135,119715.63585909615
2346,182621.75181583437
2430,224258.15345426972
2198,90270.07352087181
2652,124782.02383063071
27,111111.42789134862
241,162736.13935711727
906,114078.15770259593
1506,112281.08567099513
2098,359621.5152758946
1435,222382.4351939184
2213,142449.81703167886
1274,135287.03083990066
743,46873.742228186115
1737,199410.66964291
2797,285991.03969655803
2185,70899.85187087583
58,178535.63382493824
830,190448.56786290754
808,111816.03842332664
680,148982.5514932733
1153,109382.23934148492
1291,118208.08517553938
1818,135543.66298502695
2161,178199.3651272551
1883,117195.50763372723
350,317277.86475883285
2473,145171.3588287021
295,180543.2346831553
293,195009.9384391143
859,133754.9508721728
288,69320.73033040678
1578,151424.7068211449
102,176187.70722645
2831,137219.57796931738
1030,147955.0434104232
2551,156792.6745185059
1286,150462.91822726896
958,331594.72209445876
776,132839.53102976255
72,243148.51003757768
2263,255760.16896871425
1866,158560.3411390031
2876,76630.0247107938
2146,239510.90919434038
103,173330.20064706347
1500,134550.18128441556
492,175687.02820154998
167,145650.8456179975
2597,117063.3025400808
2685,109182.15294531111
1035,173135.8960901416
1220,71855.22272438159
2602,163273.0330725893
2159,207017.0380209661
695,137821.93888060184
1109,254840.8818283027
640,165601.13950221986
1652,146105.23920153428
2090,156711.516782178
1188,178079.22242425807
2345,249801.78376430212
1059,421699.83327008877
2751,221591.07659519278
128,202972.4079518361
1523,190594.85625392626
2925,178232.17363926605
2145,274558.9315144527
1121,226962.31095272972
566,242265.41410734423
565,265107.3132491991
1331,139303.47690504504
2928,128305.29017727004
156,140218.43331852547
797,137714.0282980752
327,92301.78253394719
2859,141113.93180746282
1453,119848.6938528653
1762,329543.553118463
1868,217608.85046593493
1760,180490.83722649424
1113,241708.16840152146
1812,205707.77547751693
117,160176.971247215
1142,199088.37961673012
2342,426398.55976091605
927,143698.9379733315
2478,184432.47246879735
655,84583.92801479001
2064,132664.1782708889
369,261545.17625827977
2239,110548.2608461567
2732,218615.78657648477
1653,163972.22266363166
959,216794.0112458839
2395,369447.0970280076
1412,110220.94325004886
271,247099.97270065578
1484,141045.44704701146
1497,142995.4311422901
552,154182.65445216707
2,121801.96092397976
1855,285463.589339975
4,257576.19133464913
2292,156452.63481143923
134,142429.6348212661
646,101534.95554995543
42,310007.96113782644
532,230404.1714384362
713,90601.92521355562
2561,137705.5819012434
2360,141850.50415442477
1333,121657.70607751285
1407,238334.40338138267
2892,311103.976681153
574,210758.13254731975
1227,174065.82040038574
2591,208526.76993149688
1476,206509.3607479464
1125,245668.35057880965
1446,144753.0852277089
408,114471.94505585534
1101,289990.87634557614
2251,192202.2948001758
373,174748.5015604604
2554,135393.5525248212
2382,258807.16040078268
1985,91857.50643245026
519,234794.70056656704
1093,188492.82214865537
864,244523.57786797345
2889,147353.8583886669
2308,173875.14387785114
986,164920.49212603807
1302,142856.96892446466
585,158057.32296138705
2708,148756.96267428435
147,132857.62376184898
1441,221403.3850307401
383,189411.6195314353
285,144343.1054256878
181,115047.90622813947
358,191622.88369312693
780,167869.67032942854
258,196775.74994829082
1865,196981.02888949143
692,114430.31287446734
2902,330254.4234451403
508,243345.41716512124
2638,157506.01110862225
36,140647.72596440985
611,172749.66912816357
2281,153159.94190768574
1678,115800.05160608044
1696,446608.4901289036
1557,77733.59224204076
2180,156438.61414593007
1726,218455.0046272442
951,150965.82026562968
267,216597.55664366204
2706,137020.1663174667
2221,260610.91566558072
1357,179201.4994637558
2901,322717.9596750992
347,184903.71686049385
2164,188985.29749519617
1586,307966.9039540737
360,150655.64988089717
1769,256907.70191137027
2617,158660.85134433585
1879,137789.57617763852
991,241867.43475471414
1535,124925.94781877875
1191,145628.85450293653
1579,209404.5989420971
1882,138505.84249672724
1510,136064.467267413
2196,150917.78687426102
1845,170856.28611596787
2336,403068.18984770105
942,83233.35209411029
861,128347.97789975026
2555,130420.54265127968
1392,157770.77825418382
2099,242723.1810892718
1543,116791.52814366066
948,286507.11193202634
1239,176638.63508347792
22,188744.6875364112
2796,224579.1267636573
2747,178786.99707746753
92,282058.2719374927
210,166322.13506813807
1858,200266.73890986785
2228,154082.42106586148
447,212961.99862261195
827,227259.42721134337
1649,197053.8348453553
682,134997.47424851288
2698,107272.36763045682
494,172841.0767213724
214,77262.55380856716
2441,246847.27367426557
2679,119067.06878426656
1336,114257.90633979281
465,177260.66910101695
1524,141670.9371099755
2543,113750.58982617782
631,144428.53622245276
2452,328663.76606151846
228,151035.6721880212
126,163607.936641231
1092,234918.4283515353
1122,213922.63921909357
932,204174.29425707593
1980,84576.14178697862
2171,110040.48897562716
551,167424.1496886986
2768,164776.4189335902
2056,111479.83622656851
1159,356671.81793566287
2645,125658.11720637263
1174,172088.35186327537
2266,209809.90310761586
2462,391382.95474504837
1219,150957.9075682352
2922,182229.6069967547
118,140294.98201889606
474,165564.22782329173
2576,145064.44920749596
872,288524.91803132993
1077,204851.01769171294
1536,143685.03656904714
1150,118303.40751118837
2341,338710.3318829136
1931,171778.55256271755
2785,135172.22548610737
2538,131948.34265798563
597,209080.36609147108
464,182161.29140693636
233,238955.99531812116
2169,124149.1749845937
2123,175619.19780662667
1867,171583.57349758208
137,237880.13312444446
515,244668.54075811908
933,110131.52514324679
2784,170925.8951938155
972,163081.753155833
599,168482.07322002895
2614,130004.21578132629
2582,138382.85296590484
1409,172027.399982973
175,99920.29351415313
352,227137.30997512597
976,90130.86650947478
2134,189908.09209906898
984,117977.45000975899
2396,382603.9604234558
1673,136458.67354847066
404,113936.50759772875
607,161847.71464612448
814,139928.0022026686
868,183668.0351633199
2271,185750.3874875859
1633,212083.98745569642
337,136993.43112914872
2765,173968.44237837772
1746,226560.00682474475
368,303795.61205115856
2806,201947.78074399012
1662,186406.35618852207
1234,213139.12807306027
1373,130095.31008176487
1672,116458.44403438663
1939,116515.67840071426
