id,SalePrice
2658,126602.33375090726
2718,151090.66012816544
2414,220608.29924678372
1989,105795.42401458067
625,178158.90371671354
333,94074.57107855093
1327,112248.61682708509
858,155618.54065507982
95,178645.24413268612
1568,172167.95989128068
2482,157821.54609122142
1364,122937.86238643296
2584,149088.22782924134
818,283435.36576238915
2673,158021.56922929015
2089,121032.6251836154
1297,147710.20422078946
790,115839.52978735937
2616,192085.7136683704
720,169447.98045660587
222,155456.38863759625
557,124636.75993465514
1148,193125.99336863033
2766,169372.9312260417
534,176777.92759087356
1452,125363.03502666156
630,116568.12076257134
2648,109090.13062080297
125,163215.67893642207
1904,66269.29707991744
1670,109194.02696635204
756,102442.539940639
717,182114.85661663325
1032,149303.26121919355
852,217955.7760281986
1731,177674.4069072473
2639,112551.75163089653
2071,102464.04296265266
1267,120528.75636617772
1851,185405.69912835018
567,155806.04217957763
2439,206607.91225085614
1898,153145.45040028048
647,163559.10329015195
2256,204604.94390764425
979,98466.85553571965
1444,218243.55224179252
2485,123468.3860022121
157,137891.57844108608
88,122488.21758858161
2003,110505.78096054557
186,185816.916519041
1425,232613.4642062149
2695,126512.02732810013
738,105769.15592426185
395,163890.18899529552
1353,172798.80118408275
1878,135004.70695179113
390,161228.7614498366
1456,231436.75264480655
1103,301879.50113140506
1387,125148.74633184721
2070,141710.6451489958
1199,179289.32981132882
2479,170973.1758012054
501,295950.04936096777
2362,97361.25453955722
1718,196315.78852611152
2188,80510.91752699058
1483,149039.1444704249
2557,90220.8518354408
437,368480.7977077047
2224,190755.80578124203
1628,173113.58902696992
397,143967.18880565587
587,187256.49895717858
2182,607743.9362329083
971,131030.06589371052
2611,140374.37941972274
1887,104260.11627208728
2399,372551.49743652705
2148,193427.8200530343
304,118598.75683985463
1997,117501.30992594923
2817,101354.6416020641
1431,201789.2036477765
427,315409.4408105596
263,127621.69498068404
598,168938.6528400135
2895,222743.7732881958
687,142246.6348203315
1822,134917.02589216735
2191,103872.63165821948
179,121414.27118243647
1009,203002.64034698164
2010,137056.4687758792
1991,133486.33284264363
1411,167325.04428217735
1721,233030.4577089008
1144,186812.95798336779
593,217918.46920016626
575,334814.4867140831
1249,168576.8354302055
1604,122041.53096755003
1064,485759.21938942914
1923,153762.75873173648
1988,115248.08270564975
2325,173486.67743310385
114,205503.80473687663
2700,170776.4402332414
217,134444.9973532599
343,169923.50263494934
386,216403.20644748697
2005,116215.97742413965
2908,150106.2036050207
1814,226687.30471963692
2446,523108.99735216564
208,132214.4815961787
1679,100175.34921564705
822,327400.1314026577
6,196137.34476483823
1781,389890.34861545346
2397,285813.9751421071
2340,315018.2888937494
1618,187554.11408904303
2843,123770.88611135435
1061,368520.9567757112
2786,127402.53424128116
1935,137908.7727915936
1341,106717.43659762992
521,262349.81375133543
2136,134325.1458984641
996,209909.16186595583
227,144670.4762123926
135,175811.7146040724
1167,166167.0801112107
294,224785.52445509116
1776,204948.83113071517
540,162774.38427413933
1717,199078.25189460872
2303,136671.1420897453
116,176435.96690976797
127,134543.7010516679
1371,138944.11326381768
1014,131218.2449726544
1507,103152.9452486581
702,112428.01823519674
750,138854.3455100612
261,156128.8758618723
1559,60382.510346862146
577,218762.5560415476
2812,192255.93249147022
2080,160172.9800240982
1368,106647.03801321967
2376,121386.6136880859
659,105422.1352562028
1235,137161.26215789447
332,77209.83831227536
1917,139561.40235694303
2094,252545.2456760498
1460,248569.0858904411
1471,219467.88269162693
1509,127684.23339033853
1922,133482.68478938917
433,485027.01011204
460,253300.10897844058
1116,239346.30141688295
1137,165040.54504657254
53,160975.08791899247
2354,266059.61310415604
1475,196112.92910504428
1761,542043.6824250197
842,143284.92559296635
2739,165238.65857223788
2509,150564.94567629063
1007,200124.32434116479
2610,188929.69694251977
1952,86714.8349074997
2719,156158.9562432841
2921,84967.25146713605
1966,145950.39118021016
292,109441.62274113894
1204,184898.04868958474
1829,272264.53862536803
2419,184212.5566992309
391,146290.36314990764
798,109658.58844681093
481,196610.52078675997
193,186632.12203825792
555,125315.379999866
899,65931.51813422711
2357,181678.45130499147
328,133445.40462887517
1356,115993.93847689228
1154,100560.96938199675
1730,173486.4383663396
2249,158379.10819909937
1119,277428.0910321748
2856,141692.84077840022
1394,134001.841181565
2587,127773.81934115374
61,316621.46456631203
2661,163163.65614905016
2711,133648.2012334474
1147,175435.50317728348
757,113697.79291844944
2623,106599.90920542151
2378,137816.964027922
1413,134904.70536568094
1722,215897.97458411587
1112,215760.1276978829
1623,197007.82885888594
1201,188542.13715501534
1513,112843.16593293361
957,300767.869165933
1171,262400.35800533334
1145,191571.69612034995
2726,239336.82369168816
703,137301.95947771403
760,89226.44225974877
1964,151061.09883232287
2512,183788.17462520418
159,133402.53506155437
1281,160717.89029701662
468,177385.78009877488
290,127742.51979928421
665,100576.16232672709
1463,242259.1309774688
1792,233301.20164948248
923,161812.30636427933
500,250352.16816129486
1408,177374.78968882293
331,82932.05398190442
170,110731.471094784
2192,97799.36290073392
2571,221090.70448650233
2314,181392.5071252844
2647,95314.14832155166
422,438250.32805553987
2457,360532.1431206104
1838,195926.24633849348
2805,252082.639168513
1645,158384.75572435927
1711,303880.3206284009
2825,225808.9618353952
322,336094.2256217886
2103,242297.64599836103
342,113072.45304333088
600,126998.04099582751
488,176535.30500597498
1725,300373.9379654062
2246,275750.651823583
2847,155195.9055823538
806,231563.8501368779
530,226849.1943653562
963,181244.36955205275
2678,97314.27095684141
171,89656.02701654796
2401,437163.6314502762
805,222458.77336739615
2259,247398.20117863241
1748,190240.40091279513
1361,135193.98977566222
1677,112444.58591490862
1406,143217.43324003596
2322,233495.6737363666
688,145834.62391979754
143,142355.5635556395
804,219059.91875647166
1214,153543.13717138092
2828,143842.31371059694
1999,147680.62480433262
2467,199156.04168526563
2665,150269.666391947
1538,376678.1319958133
398,113580.24994106719
2822,140309.48803515246
2157,138698.67064170563
1856,198337.793325318
1269,99922.74911790699
2570,113268.14467552291
2320,227272.15883234766
1517,141803.98619140833
2304,128007.28180354845
1312,102567.66852396163
2012,133676.28062614283
506,254609.60200787437
2865,229082.99204315525
2367,97534.52172126345
554,75958.87230617327
238,130635.44110616477
1954,117081.2996553938
2488,130357.96008984048
2291,75815.58983104568
1969,109015.88014961242
2725,160014.11447350375
1482,142891.96693620217
2763,189521.35359292597
503,250708.06266009103
1584,245184.22066653334
1531,128865.68452646647
2210,163501.8071917269
459,336766.9795845715
556,131891.15444089126
1347,124912.31741821916
1290,73383.24033917354
1388,105733.93271393407
1571,271511.2775328874
2754,196042.4557231468
765,128600.09675168579
2494,130299.8684579086
2870,244966.46043986428
7,211985.51207708474
1114,249982.60850229554
2418,269975.20387245266
291,122846.479783384
18,306771.7330768027
39,370673.13672979234
1001,235348.65743881642
2442,218889.9939924568
616,117095.46120352915
2680,76095.37031478444
1414,134300.7983185654
289,152933.0086577352
40,242939.65444589232
860,121411.03769782101
409,128569.30147975901
673,151679.53469045326
2427,174011.04351401786
2036,222739.91478734638
2564,140716.51499452637
642,136964.7298467529
1008,190385.67109361303
1908,125775.09455496988
2519,193944.75216341318
1369,93915.60148013226
2855,167474.99680060646
712,98332.12996786427
1943,110889.82959383949
1958,121175.77903607576
107,146658.19914833488
2295,191537.57351822703
704,106321.45540164146
676,139783.80004356417
259,179358.94459721984
93,281479.18418102857
106,243242.34942496225
2315,181195.87572252398
1050,106882.60470967519
1095,203181.39469812548
2709,147852.4605791154
758,109417.3860036187
1496,149636.8704065633
2370,123400.28225805757
2458,278676.2669707655
2733,131163.50188134814
161,246640.726139149
726,147502.86685275554
845,204754.98516629162
947,251035.11392195258
2232,109874.59212477713
2563,153913.28147868355
2299,131724.69253727287
211,79767.64998775271
605,150546.97720424077
1478,196936.90118495276
2247,271165.5217190154
2274,216569.96087288036
2869,206952.57520080457
967,205677.25583049233
2656,130016.28657918092
667,166986.46431430083
1042,104366.51992727468
2023,161299.43402572803
2447,392166.3866465018
2055,136239.48373247663
2275,309392.08615060226
2204,169902.0137138873
1563,274857.29471089784
483,211854.57012719178
796,117839.17175230566
1526,164748.11533214178
2042,115063.62227818216
442,346706.7112330883
1693,335014.8288152359
1468,219455.02989278332
1430,205820.37288617328
2605,118312.64182723843
1529,209245.99070110192
335,153226.0512112179
1287,130013.8375941924
31,92435.36783803126
1785,317246.7483109431
82,165430.39791541698
2620,134408.39782141082
252,179927.49089305138
721,56832.48227778555
2165,182440.42420172773
2316,194597.05190037107
775,124166.32097645797
1558,79966.37079827354
17,223769.50163377522
1022,203480.31784299135
925,132515.2927542877
438,272472.24563741154
1270,136025.5097792566
1272,127110.74364672894
215,118375.98751608815
266,231329.5652947599
2402,292620.0870216795
1250,127845.54209900783
1984,108369.28339164174
1279,150885.83962853684
377,254474.04208169229
1252,115829.53209651088
2156,248997.27011638216
499,313090.23922760255
1374,126819.58437930384
2898,236558.5079713912
401,118742.37283673357
2721,153155.6018586182
2078,242626.5063891852
2589,127241.60452537065
1946,196786.26922954788
1334,119965.35190165765
2781,213434.19474251213
431,386609.9521451676
576,181057.98649666394
1474,202209.7642876525
2254,142693.05140703288
2155,280614.17065974476
885,97588.63617169853
643,142952.11470172228
1944,127095.32462737751
480,194073.46330369796
2845,97146.65902469316
2387,317848.75738546794
2407,204805.32761967424
2527,171209.39480060304
2514,148124.5540625468
629,134815.1746999771
80,213156.32050709167
1876,141213.4555045993
1546,124300.66227239677
2518,173377.52260785876
2347,161890.0242869945
783,253844.01895621858
1322,54552.37306959556
194,90358.06778111422
1770,284645.13892571675
2143,136747.95376886395
1229,226003.1545239688
511,271395.48155566264
46,223946.47636942344
1348,144831.7580436627
2465,196504.01673023292
387,233373.13337960016
873,220777.58793536702
1918,121783.5416970376
2764,233539.1507482971
2184,125210.56555557164
934,124017.34593644859
1920,127894.70557286327
2631,144883.16304354495
1768,610637.7463818502
2040,123696.67711375006
1749,217247.52932923622
834,236321.75999449135
1457,222306.7351050626
79,118763.38943675628
2302,133504.83902873893
1817,143741.1752667363
2755,234829.9673735026
359,177029.61726236567
2059,110794.38966091131
2092,239966.1772218363
2516,217796.77239219635
150,124791.28977164118
1656,131797.7575395284
83,92047.19958682917
2411,184173.95142655104
795,76109.59582625127
2312,214053.20369467794
2917,94842.21339343011
1624,177039.00046390312
2215,315206.24878298084
1211,150248.7328182675
1485,150883.55779996142
1024,164941.6105020064
570,182624.67586859138
2874,150312.5563423918
700,110048.41010040544
2756,204903.93671799503
2022,171784.44869194634
583,230370.87854666583
2392,396146.8652340137
2424,172678.8176481785
212,107916.96546168512
736,135952.04512985304
1610,161732.0462525194
890,117172.52716284021
467,172916.34510949085
578,209511.3227610701
1747,200641.61356687077
1149,158312.00921717004
2758,242701.1559668783
857,137207.1787061925
2219,274357.17351884313
733,97825.5907940151
2909,114053.19697631175
1798,253391.07131152853
235,115636.83935638476
2366,118523.68570348673
1027,136276.21083093836
1195,141449.88433422483
1303,55176.78351152925
148,182115.99730829764
608,151694.87128251122
2515,199512.49607626075
821,277895.68549497
2500,256214.2191214019
745,107790.5643060076
741,123968.93625181614
1611,99745.71860696324
2532,125621.58360373224
1081,229542.04424969986
1692,440375.76349682186
2520,166895.5138749381
276,113182.07839104641
1992,131764.92504459387
663,60511.40669240627
418,114390.5698120502
1733,199028.97191702542
2359,149741.6466590112
253,176034.78480403102
1518,191633.72824834505
2035,125871.96298688109
2919,78985.68182151164
1540,275307.0995328581
2120,146484.0099372862
1674,161627.6618659563
256,154847.88167165598
2361,101633.83557018581
978,70158.83227877146
2280,145997.95525565074
2095,228021.1712967003
1709,334699.97312749847
2801,257114.0717367815
1246,118934.03617139046
2373,92277.18258902676
1055,288914.6434399851
2017,129957.81105437105
1099,247055.1263410265
1344,83144.41434313725
835,208910.53224553607
1117,225590.14735235387
2043,86646.41735281689
2085,118549.47538318865
410,137858.0763318839
2650,112999.9200993341
2867,186648.50900820488
1668,118647.31589743191
1161,158977.01690330854
2122,171969.57266768708
2539,153703.80508018497
1047,138229.37786361747
1445,134452.58846623593
541,129749.24441559383
569,200973.82714508136
1276,112615.6111609823
918,155438.661211743
326,166303.71950956946
1936,131324.98141149624
895,90340.03710978192
257,146256.94943993416
1241,183295.96652459053
1545,121044.63783972594
1189,170116.91248235252
270,139093.83099180914
2066,157654.30555645423
693,116379.54532049128
1259,129599.29400347773
2916,162050.3898870307
2321,310402.08870876615
1977,81970.0040942849
1895,149296.29457860286
1240,170155.7179967172
85,145126.59107510795
1823,117920.64614293289
825,281159.4681595698
110,225851.958066544
697,122442.10616059258
2297,114879.03470744887
1231,136869.65960577416
1355,139543.87867543745
968,335990.6950272027
584,221120.07048979675
1315,123802.25294888846
1606,143398.71853721098
206,104088.61840820832
1685,378812.6193104364
2016,139242.10884746967
869,205124.57237743115
2135,120132.06040213113
2346,186681.70612096018
2430,220123.38098063334
2198,88047.60291175287
2652,124167.29520947553
27,108934.0310150543
241,160613.84095315766
906,113630.55857609081
1506,114877.17705703949
2098,362591.44840969826
1435,222507.9399271993
2213,140590.38905172262
1274,136723.61365236135
743,47780.466738793875
1737,199290.86775274595
2797,284134.1093612024
2185,69036.60557067973
58,177436.25087623435
830,191541.5788207314
808,114144.0588581201
680,142670.85787958186
1153,108330.73198429255
1291,117494.21166227097
1818,136535.43847006565
2161,179206.41053581578
1883,117364.97432200829
350,325028.0498830955
2473,145943.13420547682
295,182313.0440295026
293,194607.3491379866
859,135843.0068338171
288,69109.76416932877
1578,152381.6348353617
102,176051.98776600545
2831,136416.75951387655
1030,151407.21994071372
2551,157929.15537687877
1286,148655.55441196368
958,329083.6107141205
776,131788.86163084648
72,243077.4306128432
2263,255819.38284155063
1866,158695.44315378982
2876,76563.68119610996
2146,238029.19750060153
103,176067.30845961208
1500,136748.80858127592
492,173974.94738039759
167,148998.7021398753
2597,113298.26951204035
2685,107145.63743786512
1035,175226.11691771078
1220,70138.47918687973
2602,161808.75287194314
2159,206125.7653401216
695,138378.6894612397
1109,257518.9379735716
640,164870.6758724981
1652,145305.23875505815
2090,164171.43237903042
1188,179901.81133057643
2345,244750.1767519074
1059,428680.5574334556
2751,222611.39558140503
128,202558.66906923818
1523,189636.6234520494
2925,179357.59175018844
2145,276105.8435931563
1121,227244.6051397034
566,239723.44902108394
565,258058.28921863413
1331,138371.17117216854
2928,127887.81751332278
156,141230.46516407037
797,134362.2830089678
327,92245.04866315801
2859,139013.76626476276
1453,121965.26801130341
1762,327735.6862125993
1868,218225.31225823917
1760,180493.14128088587
1113,242808.6243847811
1812,199479.11715057382
117,158156.05454424542
1142,201362.4749048916
2342,438021.7713320498
927,147806.48368653504
2478,182546.9569424619
655,84524.54217654167
2064,129829.91018927406
369,262651.2350168725
2239,112081.25845217914
2732,208836.31122662054
1653,162564.01773832753
959,217416.40712795005
2395,368720.6843716786
1412,110517.08595966664
271,244655.041517127
1484,140436.5223510731
1497,142253.10720882987
552,157412.96939379134
2,118637.60444400048
1855,276508.8513504327
4,263904.7683809536
2292,157594.3222726271
134,141257.94749605458
646,102610.18368959878
42,313560.08930648305
532,226343.48489964518
713,88250.57551206963
2561,137464.48169492203
2360,141721.43640376962
1333,120067.63906393836
1407,234712.02560606465
2892,306720.3909935736
574,210204.41907124544
1227,173389.07635430363
2591,216794.5785506573
1476,209241.53538370613
1125,246746.7818213007
1446,144746.07812873152
408,115894.06947635184
1101,291524.89667595766
2251,189607.94160703907
373,173915.52578323195
2554,137815.19754372252
2382,261162.9395165181
1985,93049.04499287445
519,233248.18344414036
1093,190168.33525214606
864,243090.89014258835
2889,148292.87629516135
2308,177013.37555570898
986,163598.31530332516
1302,148521.02459948795
585,158711.35367612843
2708,150518.62115250414
147,132560.06470289908
1441,222952.9337531557
383,193843.43247108048
285,142118.96345912674
181,113509.03458270115
358,192251.5146913862
780,168255.43750757354
258,194885.67376120918
1865,194970.65537162925
692,115307.14208313214
2902,334386.5155594719
508,246322.42059937216
2638,157421.5787310175
36,139396.16676049083
611,172137.68746500096
2281,151758.72667852495
1678,114362.04059413978
1696,460887.500181236
1557,73261.28045057938
2180,153141.031921806
1726,217029.07085347603
951,147346.2232259003
267,213648.0486569911
2706,142126.48747528647
2221,264337.8075290155
1357,179442.57316730064
2901,320025.0870859059
347,183738.6630546855
2164,192059.22167708076
1586,306253.2637557446
360,151918.2584711865
1769,252189.48041950157
2617,153499.51364043812
1879,135786.8718559533
991,248204.58326432775
1535,126401.43637115978
1191,145961.91010760365
1579,209813.77989293798
1882,140373.5785453217
1510,137817.56730191773
2196,145672.28732745367
1845,169066.27332625465
2336,406748.86485839984
942,86625.96310448943
861,125209.42735018417
2555,126306.51285424092
1392,159670.63404197225
2099,242467.3160253215
1543,115813.01330880557
948,284284.39874146966
1239,176729.60826176798
22,182201.88997361436
2796,226530.85128588765
2747,180834.06778311715
92,282884.8253444523
210,164585.92680444833
1858,197907.23301300706
2228,154089.83696777292
447,213457.00947792435
827,225295.66744506382
1649,194693.3110738486
682,136942.90088913727
2698,110751.31452269173
494,173613.27589856423
214,74229.32289249005
2441,249194.1957750158
2679,115723.19127401189
1336,115251.46454031699
465,174594.79133676167
1524,145788.77770007687
2543,114645.92773903879
631,143865.60489612463
2452,322723.740601062
228,151458.9779521886
126,161457.360035467
1092,236130.6430820801
1122,213998.10689171017
932,206676.47991752214
1980,85072.87291230215
2171,110585.79290645458
551,165577.86432934782
2768,163091.11370051804
2056,110632.15054192052
1159,356426.88018829765
2645,121473.29344377859
1174,174076.89665672887
2266,211873.3367868992
2462,396448.1616534192
1219,149427.03908088378
2922,183121.7390140752
118,139468.72534507661
474,160157.1927005814
2576,146860.01380705647
872,288980.9353279364
1077,206207.01231661846
1536,144601.03026029145
1150,116279.33510265093
2341,339834.689805014
1931,170765.05966059896
2785,137995.76070665944
2538,129666.61990228399
597,203937.7687460721
464,182898.72906173466
233,242665.03909584123
2169,124651.3558719061
2123,176981.96500395564
1867,171416.54830370116
137,232223.43003293066
515,246622.16697914197
933,109904.44952653282
2784,172284.77713044817
972,162730.86355763488
599,168875.52388000218
2614,128691.1226083735
2582,138018.91051120244
1409,172006.16865728848
175,99779.99932992742
352,227922.08144429306
976,89387.22818108284
2134,191829.16323738522
984,117911.8629243265
2396,393067.3768003728
1673,130280.70913700496
404,109237.84280681261
607,160726.56445058208
814,139293.13486867322
868,185093.36702563195
2271,185902.9078590725
1633,211809.4519820211
337,130240.11678457903
2765,173400.58370254474
1746,226362.8022355645
368,306480.6039346842
2806,202782.13399593477
1662,186950.48097465755
1234,209164.74829089487
1373,130373.4918452278
1672,116027.70414019625
1939,116835.16616882735
