id,SalePrice
2658,127698.14836345841
2718,153761.97737104027
2414,219354.32726744222
1989,107409.8072578717
625,177747.32183601373
333,94268.73670655707
1327,113609.4751128964
858,155307.86261421742
95,176993.35213050852
1568,171796.99557476252
2482,157085.8521952587
1364,123802.97977415028
2584,147992.43793708077
818,290264.3541401355
2673,156616.54464777312
2089,123813.5991870951
1297,145002.9243924305
790,114851.77027816862
2616,196801.64359689903
720,169997.7675411906
222,157007.6187779767
557,122020.64759173729
1148,194526.39866532382
2766,165942.65917079482
534,179736.84264712935
1452,124063.74787711134
630,119050.30098531942
2648,110393.77589197259
125,157250.02395949655
1904,64107.98519631864
1670,108606.55679379925
756,100479.0470329219
717,189731.28434503655
1032,152207.92402196748
852,219380.73820683785
1731,178033.5526006904
2639,114715.08606358651
2071,101352.27133918926
1267,122454.93549456746
1851,186380.54965774305
567,152877.6604359114
2439,207612.65554042417
1898,156483.96516351122
647,169100.13842438528
2256,202724.48622489462
979,99902.05984950841
1444,219679.93000187134
2485,121716.23888443327
157,140734.19349255512
88,118991.08929626356
2003,111579.82009444186
186,186778.068300705
1425,234967.30199908567
2695,125744.42753743326
738,104989.3400467484
395,167392.97106766107
1353,168864.31571773352
1878,136836.37396770192
390,161656.05892781317
1456,231832.2503267126
1103,298176.2473662838
1387,122490.63037155343
2070,144026.76447368038
1199,180270.0108630151
2479,170965.19845674565
501,293078.79341142403
2362,96956.0341405113
1718,194672.88121951956
2188,81012.74487756683
1483,149057.04835243936
2557,87045.65372815094
437,373536.6806499016
2224,192511.21587308112
1628,176621.67509048528
397,143531.27687657162
587,187647.38057006762
2182,593570.6240298948
971,132632.08249546753
2611,146158.2059225556
1887,102846.15891351068
2399,369987.3730434574
2148,194890.305836721
304,117468.86904219961
1997,119264.07247770645
2817,100514.87709532394
1431,195827.77535091303
427,311965.34327765927
263,125201.74701212975
598,167130.79469988868
2895,224435.95741606576
687,148165.8528571675
1822,136108.7741779557
2191,104166.69072825652
179,123042.81557439249
1009,201666.54121948843
2010,136122.998641947
1991,136320.97727940837
1411,164776.6512390967
1721,231536.8610912362
1144,187085.08958476371
593,220036.19605979067
575,329347.0181749438
1249,164001.80891033777
1604,122718.95987296908
1064,479827.34828842763
1923,152269.7679943858
1988,114305.33552167275
2325,173277.09044102058
114,204708.14109178513
2700,170750.37377288332
217,132460.93441602378
343,171318.15866452706
386,215502.84840461527
2005,119867.83348907654
2908,149381.40257958276
1814,231590.46670795057
2446,513404.97661458893
208,131289.45098206442
1679,102606.32782069263
822,325334.55743974796
6,195300.12401037643
1781,389568.3183986692
2397,284253.05538260745
2340,314790.70944111736
1618,187823.165820901
2843,119081.51032012423
1061,372276.384132016
2786,127051.02562126482
1935,139311.41596665786
1341,108412.7577175419
521,262096.3508456525
2136,133509.34567782932
996,208857.80029576574
227,141952.0160909818
135,175561.19569470958
1167,165330.0984561794
294,222677.51703262853
1776,204114.1796345706
540,166472.11078317076
1717,196710.94261432363
2303,136156.59560124614
116,180337.73930250193
127,136683.6092075553
1371,137712.06892836382
1014,134353.9193137384
1507,102437.15011322693
702,116664.41228762685
750,137108.79391424957
261,154931.78237420344
1559,62523.939164526506
577,220241.13854710048
2812,193307.72273818476
2080,155804.3910518429
1368,106959.40748770603
2376,120631.92759561707
659,106895.26043800282
1235,135572.02181572627
332,78964.7395157724
1917,142062.17370341584
2094,252537.74266956153
1460,251400.40230749716
1471,217665.86539824895
1509,128490.25441028345
1922,137909.83138758971
433,477418.80859258334
460,252137.22989765787
1116,243708.99688736553
1137,169167.4799167282
53,160029.95084527592
2354,261296.58649550055
1475,196712.18545753873
1761,528034.7166717994
842,141977.0452990422
2739,160046.7715088191
2509,150694.773769547
1007,199940.11789015293
2610,190289.6552291453
1952,86925.54180575543
2719,159659.4770807466
2921,89475.58350746182
1966,145487.46551550584
292,105763.07800298434
1204,184603.42356830442
1829,276436.3693871266
2419,183181.0223493337
391,146722.40903912473
798,111322.5967016144
481,197713.9942465433
193,189496.24564993317
555,122130.44999652478
899,66349.57790470753
2357,184263.32455400535
328,132731.59589934573
1356,117415.23576851991
1154,99391.20604738232
1730,172358.06592239666
2249,156596.18030899888
1119,276967.39542841236
2856,138025.68675111505
1394,134377.84238444365
2587,126008.67637366097
61,313093.9198987307
2661,168389.57888190527
2711,131297.1133433981
1147,175147.0829788115
757,116829.11051502905
2623,105130.59177709956
2378,136909.66896499635
1413,142682.93813451612
1722,217259.44077080625
1112,215474.14815294024
1623,198220.17396449874
1201,183903.94905980278
1513,113235.84575523678
957,296786.9640762697
1171,261303.0200658802
1145,193170.09420777956
2726,237273.3436943597
703,140779.74559982604
760,86355.04096578223
1964,155277.0715848602
2512,182882.28521750768
159,133656.33938410823
1281,160650.05604485652
468,177509.71164298247
290,128382.67563322015
665,98909.7428292907
1463,245941.71880355396
1792,232261.8730128159
923,157553.22815505674
500,246987.18138728148
1408,177622.7345961298
331,81351.47142058506
170,108670.72171312608
2192,96188.02555592061
2571,220362.17242797618
2314,182987.97501425867
2647,94546.32043375711
422,427253.9584641545
2457,356757.33193738887
1838,194822.70846227542
2805,246579.6920259102
1645,162481.88904711555
1711,303380.3986705617
2825,228375.59285946056
322,333386.3822818635
2103,243825.6085321854
342,114843.33396764372
600,124178.49589005981
488,176506.64938236147
1725,299883.15674939426
2246,275961.7889954493
2847,159582.71695619464
806,232604.59582911973
530,226435.56837323264
963,182276.2878743078
2678,94655.03205827448
171,88903.1595530004
2401,433482.98834201455
805,221430.6835135834
2259,245872.58269134627
1748,193065.56142123207
1361,139720.06016295732
1677,112040.50559893083
1406,142340.8683623391
2322,234562.74195070588
688,145241.6466090988
143,140402.56864910058
804,219175.0979706803
1214,153383.6064050853
2828,145213.41810976787
1999,155979.9432920577
2467,195989.96279441303
2665,152045.74115092147
1538,379492.14276536537
398,116365.94074062374
2822,139543.7668884414
2157,138842.54555930934
1856,196682.48756001747
1269,99069.45047831468
2570,112121.37613232265
2320,227958.9300924385
1517,143137.51938860852
2304,128460.50919420182
1312,102807.255161012
2012,131641.47946755635
506,255304.5136504635
2865,227385.8319223444
2367,97514.98122720364
554,78590.12124580551
238,127506.34985101334
1954,117291.94602793433
2488,133140.51885432805
2291,77105.44785455892
1969,106709.26531315208
2725,160485.89601167783
1482,143543.0445230176
2763,189628.45093237466
503,247150.48813427656
1584,246178.1202342959
1531,129025.13985272495
2210,165919.43128478932
459,335296.5574006911
556,131532.24899378078
1347,126169.20260099332
1290,74360.19908982732
1388,103721.83624514748
1571,259544.8699513495
2754,194691.5675826796
765,130062.12198781496
2494,130033.47006576054
2870,235592.0633051686
7,211518.63075088587
1114,249104.48621268498
2418,270703.5754987148
291,119308.19771619326
18,304727.211869056
39,366742.6785000172
1001,234120.71873806522
2442,221317.73991803193
616,120279.43776173079
2680,74295.19238406455
1414,132769.56321390893
289,149079.32566526468
40,242870.01458508114
860,121183.39744988621
409,129319.42196212342
673,154237.8247065235
2427,171519.0761364101
2036,225368.36688388255
2564,139072.62659193075
642,137461.05490886082
1008,188820.79586364885
1908,129156.24206144491
2519,192076.24410543652
1369,93939.40829397413
2855,169584.60296001934
712,99367.62155210545
1943,110726.13322013548
1958,123300.43222800364
107,145021.6875862294
2295,197118.6205957972
704,104971.55161870837
676,140425.88135981755
259,178024.99160919065
93,278606.87370704906
106,242449.4372912808
2315,182127.54679238025
1050,109002.49319309005
1095,204912.97175927882
2709,145918.92932452788
758,114507.08739232771
1496,153496.0239241409
2370,122007.33180522251
2458,277613.202902353
2733,128790.23531016722
161,255685.95980511513
726,147918.17300036195
845,204538.04240813537
947,252806.2635432028
2232,109806.70117163897
2563,156088.6602577155
2299,131282.61717976985
211,81186.91307520427
605,150279.76614855925
1478,199431.1010644617
2247,272143.73481910455
2274,212419.80675055078
2869,202037.57339937202
967,206692.86408632412
2656,130298.65279932835
667,170435.65187420457
1042,104105.40185614218
2023,158266.18983334512
2447,390841.2131421518
2055,134086.2458344034
2275,308194.28450649796
2204,169123.5964694487
1563,276045.94171676855
483,210447.94183178805
796,117831.1508303441
1526,162450.2790511012
2042,115842.53742324127
442,345453.4287174454
1693,333291.5141578347
1468,217918.14606848627
1430,200461.62736144138
2605,126575.37239868983
1529,210678.1229957294
335,150563.01749139576
1287,131944.11500544532
31,92092.88566246472
1785,313658.51296088606
82,165162.81764583127
2620,132519.81453361103
252,181738.24953871896
721,58157.26637099388
2165,182155.6752055186
2316,194745.28287176078
775,123487.00577059045
1558,79419.53074580287
17,228526.63522307988
1022,205045.83158207318
925,131263.5151228682
438,272639.732637264
1270,138712.38786453404
1272,126034.01440487831
215,119218.05599525884
266,231134.06578869978
2402,292529.84447244747
1250,125846.66514960057
1984,114773.9650320347
1279,148342.3060250425
377,260316.74187022948
1252,118906.04852603804
2156,249742.94345744184
499,311333.89804719447
1374,125240.43792412501
2898,240297.36624564705
401,117878.55075183895
2721,163051.10659253702
2078,241204.1044423288
2589,124291.04958509962
1946,200567.0565627945
1334,119217.29739434393
2781,214581.784705777
431,388292.0163130476
576,179598.45306589588
1474,203919.6029940623
2254,144973.80145295363
2155,283741.177135383
885,96830.39417818101
643,141176.0382363585
1944,128958.30670403659
480,195244.39707236455
2845,97434.83933285522
2387,316125.08263171103
2407,203542.02371234042
2527,169396.3470106657
2514,148597.06765179132
629,138958.79647108307
80,215866.42936282686
1876,141738.66743419637
1546,126082.75773859803
2518,173269.72369197063
2347,163446.74643380605
783,249505.20482215035
1322,55926.258880069414
194,89382.15940269081
1770,280015.6624179441
2143,131841.11870226305
1229,226378.3231935607
511,273785.22314017295
46,223579.58593489786
1348,143174.12835738753
2465,193804.19664581842
387,235517.01883805398
873,220802.26709583632
1918,123760.6764414695
2764,238176.83111114055
2184,128250.81528645766
934,125041.75564095176
1920,131369.69574660313
2631,142559.94495049358
1768,595990.149129614
2040,123331.15114883165
1749,219169.25733109497
834,231931.28438519142
1457,222636.96166111174
79,120609.70431000757
2302,132370.15852332546
1817,140314.46664796918
2755,233397.2694479889
359,177180.6825371735
2059,111314.67760658028
2092,239061.2200847466
2516,219587.3962920571
150,127611.81937305839
1656,134958.2400833885
83,92274.85387152371
2411,183083.04096525628
795,74522.6697131115
2312,216997.84882437647
2917,96351.51034021651
1624,178157.08605799775
2215,320722.51293858513
1211,151797.84124389561
1485,149520.94085098797
1024,165369.87090746482
570,181651.135225972
2874,147362.34434825723
700,108800.8417331681
2756,204421.33625002435
2022,171672.52441613466
583,226311.87765371258
2392,390896.52466781397
2424,173126.01377837142
212,106922.90467276663
736,135729.70212671923
1610,157643.98768445532
890,115639.77438943235
467,172060.28484442763
578,209870.2543606802
1747,202015.4190303367
1149,158422.55094427452
2758,241366.7713121346
857,138883.84604274473
2219,280252.5795620405
733,106429.97227829273
2909,115094.95105896326
1798,252147.9788847411
235,114792.16612453556
2366,116595.74565489184
1027,134551.15017582802
1195,144863.55230729887
1303,54270.8270509798
148,181239.78169433266
608,151603.04429607844
2515,199484.52735816914
821,276537.6985786402
2500,257232.86463686108
745,108228.61789857829
741,122824.58531423939
1611,101420.70688834609
2532,124656.27711548578
1081,228851.25750325943
1692,436216.9575260008
2520,165770.7884837722
276,112491.07199750941
1992,133307.83173905825
663,59100.16667239158
418,115215.29046981345
1733,198106.54607246202
2359,150326.67612398328
253,177309.52034034266
1518,190938.20567487914
2035,124394.60516971676
2919,80917.96048492237
1540,270108.7759926863
2120,146656.1656162353
1674,163140.87872050784
256,151909.06053013177
2361,104166.10457590867
978,72700.61336564407
2280,146466.99597067598
2095,227096.24105326098
1709,335353.99276977655
2801,256094.6354761831
1246,121510.43207438389
2373,91984.26809976329
1055,288243.32111013355
2017,126471.18483957251
1099,243705.95411111964
1344,83235.6207255213
835,200928.40956981046
1117,224692.65171333237
2043,85977.70658361523
2085,118540.85095967435
410,137989.63247326142
2650,113781.32538672174
2867,181033.35189330956
1668,120416.66109558342
1161,158747.87194503998
2122,170199.96566566805
2539,152809.74823322002
1047,138974.88048560574
1445,134493.99556129254
541,131551.81409445815
569,197601.8219489447
1276,110509.67461537919
918,156646.04926515135
326,165774.35408277306
1936,133793.90018193275
895,90342.1611324349
257,142398.22861111656
1241,181898.98811086646
1545,123970.45947844721
1189,173096.1060145664
270,139019.29651758994
2066,158243.558011226
693,114535.62130384697
1259,128804.62587763953
2916,160195.28252103107
2321,307146.2563606821
1977,85995.84794208602
1895,151119.62169050967
1240,166924.38714657276
85,142153.00554509021
1823,114270.32260098486
825,283012.1799357129
110,224973.42318775522
697,122296.0871930327
2297,113169.02873414983
1231,136036.3025765554
1355,138658.27083414042
968,332273.6203693733
584,217429.2810349695
1315,125177.63562643662
1606,143168.54529279383
206,103070.60069997526
1685,374939.07970062474
2016,140086.0503983938
869,205423.48153476376
2135,119555.66090415225
2346,187957.5361166151
2430,218553.3172027616
2198,94127.66733157475
2652,120978.7304227344
27,112923.1619749947
241,163141.12776847844
906,115224.06173255962
1506,114091.81546105993
2098,361245.0351230803
1435,223081.2226244017
2213,134035.5494320346
1274,137229.40778249415
743,51618.901794849015
1737,199672.80033893095
2797,283719.94354965445
2185,70477.38234767203
58,181302.32232014748
830,193724.38199964704
808,116447.02905063114
680,141608.92164407313
1153,108372.40286502392
1291,119968.05611039887
1818,138425.06926725057
2161,179117.60425475222
1883,119793.55572049477
350,323062.5684079677
2473,147358.81822124487
295,181959.10274630558
293,190951.92791390535
859,134581.49271575292
288,69653.7471142482
1578,152755.34152052755
102,173251.56042938473
2831,138602.9489780069
1030,152694.55021158687
2551,154843.7687809614
1286,146070.16643695402
958,328330.2140229145
776,130639.56323159066
72,240200.37485556488
2263,255346.970731878
1866,155650.81853495145
2876,75594.49187122557
2146,240891.63696269284
103,174672.16805269738
1500,140911.017327099
492,176740.77823030495
167,146478.71011009093
2597,115377.04695902094
2685,106642.46486611466
1035,175275.94501400425
1220,69818.56673795311
2602,160507.44035050392
2159,207825.7507296286
695,139197.61238927595
1109,254097.77577409227
640,165218.02131633775
1652,147067.26199670575
2090,161852.60795425784
1188,181957.33091432205
2345,246079.46261939098
1059,428341.1730827123
2751,222244.06360028
128,204346.08639523428
1523,190254.11960487394
2925,179000.1298165172
2145,279098.44201141386
1121,226288.49253033043
566,243503.72796721352
565,254447.24172694914
1331,138534.78295547626
2928,127170.76418816259
156,144016.98115844766
797,137165.70118314135
327,92016.64016618724
2859,138122.50982762408
1453,119982.98142173728
1762,323735.4355528577
1868,221772.1565702825
1760,181618.60537972493
1113,244485.19129811524
1812,198761.82603340986
117,158696.30102972558
1142,204152.01361612082
2342,430427.2611736816
927,144460.7000076441
2478,183283.09420013396
655,82381.77949213311
2064,127621.39463837157
369,259333.29702635098
2239,111900.0213509471
2732,205609.64664159788
1653,163905.61238655087
959,217900.48166140192
2395,368126.9120102848
1412,109329.46648212876
271,246755.85236732897
1484,141652.40647088728
1497,142434.46287807994
552,160244.56982934958
2,116989.56820923772
1855,271174.9561111978
4,258642.7053771128
2292,158336.28284701117
134,138148.19870816462
646,101630.60069312277
42,309285.9822461725
532,226609.29581984424
713,88223.5010384645
2561,134179.14763393343
2360,142046.24523188293
1333,120088.55895552837
1407,232784.78830884467
2892,303599.2244784065
574,210394.34670208304
1227,179106.44628185782
2591,216095.7154443288
1476,210513.8502647706
1125,247110.46169224437
1446,143498.50551442272
408,114625.77267275797
1101,291460.81853534403
2251,188518.96037781815
373,174949.15841438342
2554,138167.19671635705
2382,261436.10157138985
1985,94259.79396628939
519,234618.37036478255
1093,190102.84492734255
864,246325.20946126024
2889,148379.22923721166
2308,174729.7437361443
986,161045.24130056435
1302,145484.70183547834
585,159081.5418849195
2708,155255.9851714024
147,130552.28979405096
1441,224916.93004924123
383,188239.16587246544
285,146297.4188795966
181,112281.64080517157
358,187834.60435251976
780,165027.56605315566
258,196668.2736251463
1865,202473.19323153858
692,119056.85785911702
2902,330756.45505007735
508,244259.0640993658
2638,155380.10849118297
36,137413.68887748453
611,172008.551619372
2281,146106.92254120798
1678,112744.51936252286
1696,452390.67397928453
1557,76150.76254014939
2180,153521.69887737292
1726,217217.71891287316
951,145729.66207757487
267,211681.35321885438
2706,141945.6181450197
2221,262621.0155461561
1357,174601.70788479698
2901,316976.4821592773
347,185072.643653227
2164,194367.98774186478
1586,305675.7275505873
360,152072.94188913217
1769,248843.4184277227
2617,155171.76573405092
1879,139022.1522909182
991,255726.11710622322
1535,124280.6486069573
1191,144752.36209006805
1579,207709.01502382598
1882,142419.46031331818
1510,134312.60684682513
2196,155346.19280935658
1845,167325.28433378396
2336,400215.0099664555
942,87182.44294476468
861,125504.5462912865
2555,123469.63667083171
1392,153262.4748609625
2099,242855.0445398009
1543,115248.4998806051
948,284849.96368221927
1239,178038.8306336464
22,179925.33440605624
2796,228555.06586877996
2747,180857.15224816508
92,281286.9576843034
210,158872.39244934218
1858,199977.55988077784
2228,155212.15513489608
447,213395.2430921477
827,226226.08767592668
1649,195415.8360439651
682,135767.57857699276
2698,110410.22124265156
494,176153.11820334557
214,75596.25493682947
2441,247499.61484047584
2679,113980.7281978893
1336,117725.65171698247
465,174320.1466194152
1524,145275.14536155848
2543,112821.4786343851
631,140829.01264618535
2452,316364.31120235386
228,155655.27779681003
126,165280.3631149136
1092,234795.47741516228
1122,210567.66079948103
932,202236.498610181
1980,88120.12196063223
2171,110730.06537102803
551,165378.68407889863
2768,163764.88425158098
2056,109778.82021033435
1159,351191.1043274755
2645,118644.14256853118
1174,172824.60343291302
2266,212503.96474659714
2462,390682.5799605228
1219,152973.6632910585
2922,186457.47616147788
118,138619.94622839816
474,160631.3077749122
2576,147462.26727904423
872,290799.12002114375
1077,210635.1290583024
1536,140723.4559923844
1150,115086.71896930093
2341,333968.0734927934
1931,172483.33757268667
2785,136167.87496482188
2538,129903.33875480786
597,205677.27903927708
464,183579.4066424134
233,236833.84249775557
2169,121311.4143392417
2123,176264.28162461767
1867,168874.11796120208
137,233513.14264109058
515,246097.09260723868
933,109042.1534274461
2784,171719.35523215428
972,163115.07721306526
599,168780.91191222894
2614,127086.45771634206
2582,139913.59162075387
1409,170260.6764685224
175,97636.0446935738
352,228285.36493577878
976,89977.33863049182
2134,192138.2483330351
984,117722.38780750637
2396,390577.54381065536
1673,132493.51135817403
404,112308.0422160549
607,163983.35912991068
814,139984.86160795408
868,185240.19604306744
2271,185919.88599018345
1633,207423.8311023929
337,140398.95508850983
2765,172618.8727572007
1746,230271.68021487998
368,303039.8748287723
2806,204082.72243721737
1662,184246.14220553875
1234,209727.24004839236
1373,128959.37938462218
1672,115961.15084585478
1939,116010.44676306886
